16 0.456731 0.349760 0.006010 0.069712
16 0.512320 0.554087 0.007812 0.084135
16 0.516526 0.290865 0.005409 0.076923
16 0.562200 0.420673 0.007812 0.086538
16 0.602163 0.304087 0.007212 0.074519
16 0.622897 0.394231 0.007812 0.076923
16 0.638522 0.504808 0.009014 0.072115
16 0.591046 0.554087 0.009014 0.084135
16 0.631010 0.615385 0.007212 0.091346
16 0.629808 0.736779 0.009615 0.088942
15 0.456731 0.302885 0.006010 0.072115
15 0.430889 0.396635 0.007212 0.086538
15 0.451022 0.563702 0.010216 0.079327
15 0.524038 0.420673 0.007212 0.072115
15 0.517127 0.771635 0.009014 0.105769
15 0.560397 0.603365 0.009014 0.096154
15 0.620192 0.655048 0.010817 0.098558
15 0.584135 0.322115 0.007212 0.076923
15 0.620192 0.493990 0.008413 0.079327
15 0.668570 0.819712 0.009014 0.096154
0 0.370493 0.048077 0.005409 0.024038
