16 0.411959 0.622596 0.009014 0.096154
16 0.421575 0.341346 0.007812 0.081731
16 0.526442 0.390625 0.008413 0.084135
16 0.531851 0.234375 0.006010 0.074519
16 0.535156 0.508413 0.006611 0.084135
16 0.494591 0.133413 0.007212 0.064904
16 0.359075 0.152644 0.005409 0.069712
16 0.219651 0.496394 0.007812 0.069712
16 0.262320 0.257212 0.005409 0.062500
16 0.289062 0.331731 0.006010 0.067308
15 0.227764 0.195913 0.004808 0.060096
15 0.198918 0.490385 0.006010 0.072115
15 0.295974 0.730769 0.007812 0.100962
15 0.338341 0.429087 0.009615 0.074519
15 0.288462 0.272837 0.006010 0.060096
15 0.393029 0.068510 0.004808 0.055288
15 0.481070 0.385817 0.007812 0.079327
15 0.487380 0.110577 0.003606 0.062500
15 0.548377 0.546875 0.006611 0.093750
15 0.489183 0.650240 0.007212 0.093750
