16 0.446514 0.412260 0.006010 0.074519
16 0.525841 0.318510 0.007212 0.069712
16 0.522837 0.587740 0.008413 0.084135
16 0.570312 0.461538 0.008413 0.086538
16 0.618990 0.320913 0.007212 0.079327
16 0.645433 0.415865 0.010817 0.081731
16 0.585938 0.622596 0.009615 0.100962
16 0.667067 0.563702 0.012019 0.093750
16 0.664062 0.741587 0.013221 0.093750
16 0.640325 0.646635 0.009014 0.086538
15 0.449219 0.299279 0.006611 0.074519
15 0.425180 0.425481 0.006611 0.081731
15 0.483474 0.585337 0.007812 0.088942
15 0.504808 0.741587 0.012019 0.103365
15 0.521034 0.460337 0.007212 0.074519
15 0.593450 0.335337 0.005409 0.074519
15 0.635817 0.538462 0.007212 0.081731
15 0.577224 0.633413 0.009014 0.084135
15 0.640325 0.665865 0.009014 0.091346
15 0.680889 0.798077 0.008413 0.096154
0 0.538161 0.356971 0.005409 0.021635
