16 0.398438 0.317308 0.007212 0.072115
16 0.464844 0.471154 0.006611 0.081731
16 0.464243 0.194712 0.006611 0.067308
16 0.532752 0.338942 0.007812 0.076923
16 0.574219 0.228365 0.006611 0.076923
16 0.588942 0.331731 0.006010 0.076923
16 0.567909 0.465144 0.008413 0.079327
16 0.593450 0.419471 0.007812 0.084135
16 0.606070 0.564904 0.006611 0.091346
16 0.570312 0.629808 0.009615 0.086538
15 0.405349 0.308894 0.009014 0.084135
15 0.459435 0.219952 0.006611 0.074519
15 0.439002 0.508413 0.010216 0.093750
15 0.492788 0.364183 0.007212 0.069712
15 0.552885 0.239183 0.006010 0.069712
15 0.547175 0.514423 0.006611 0.091346
15 0.487380 0.793269 0.013221 0.105769
15 0.617788 0.645433 0.010817 0.093750
15 0.632512 0.784856 0.010216 0.098558
15 0.586238 0.389423 0.007812 0.081731
