16 0.444712 0.430288 0.007212 0.081731
16 0.527344 0.325721 0.007812 0.084135
16 0.526743 0.591346 0.009014 0.086538
16 0.575421 0.473558 0.010216 0.086538
16 0.622296 0.322115 0.009014 0.072115
16 0.654147 0.425481 0.010216 0.081731
16 0.586538 0.600962 0.006010 0.096154
16 0.675180 0.581731 0.015024 0.091346
16 0.672776 0.740385 0.007812 0.100962
15 0.447115 0.301683 0.004808 0.074519
15 0.423978 0.441106 0.007812 0.084135
15 0.492788 0.594952 0.006010 0.079327
15 0.523438 0.468750 0.007212 0.072115
15 0.500901 0.736779 0.007812 0.108173
15 0.580228 0.600962 0.007812 0.086538
15 0.596454 0.338942 0.007812 0.072115
15 0.640325 0.552885 0.007812 0.081731
15 0.646034 0.657452 0.008413 0.093750
15 0.682692 0.787260 0.007212 0.103365
0 0.577524 0.525240 0.004808 0.021635
