16 0.467248 0.198317 0.005409 0.064904
16 0.401442 0.320913 0.008413 0.069712
16 0.468450 0.474760 0.009014 0.084135
16 0.539062 0.346154 0.009615 0.076923
16 0.574820 0.231971 0.006611 0.069712
16 0.590445 0.328125 0.007812 0.069712
16 0.596755 0.421875 0.006010 0.084135
16 0.570312 0.474760 0.008413 0.088942
16 0.574219 0.634615 0.010216 0.096154
16 0.606671 0.560096 0.007812 0.086538
15 0.409555 0.312500 0.009014 0.081731
15 0.460036 0.223558 0.006611 0.072115
15 0.442308 0.507212 0.008413 0.086538
15 0.496695 0.368990 0.006611 0.074519
15 0.492488 0.796875 0.009014 0.108173
15 0.548377 0.516827 0.009014 0.086538
15 0.554087 0.242788 0.006010 0.076923
15 0.590144 0.389423 0.008413 0.076923
15 0.620793 0.643029 0.008413 0.098558
15 0.635517 0.789663 0.011418 0.098558
