16 0.384014 0.301683 0.007212 0.064904
16 0.450421 0.180288 0.005409 0.067308
16 0.446514 0.461538 0.008413 0.076923
16 0.502103 0.318510 0.007812 0.079327
16 0.560397 0.444712 0.007812 0.086538
16 0.569712 0.215144 0.006010 0.069712
16 0.591046 0.326923 0.007812 0.081731
16 0.589243 0.412260 0.005409 0.084135
16 0.604567 0.564904 0.006010 0.091346
16 0.554688 0.617788 0.008413 0.091346
15 0.391526 0.294471 0.009014 0.079327
15 0.453125 0.204327 0.006010 0.067308
15 0.423077 0.498798 0.009615 0.084135
15 0.473858 0.344952 0.006611 0.069712
15 0.465445 0.780048 0.009014 0.103365
15 0.535457 0.507212 0.008413 0.086538
15 0.544772 0.218750 0.005409 0.067308
15 0.575721 0.384615 0.008413 0.081731
15 0.610276 0.640625 0.007812 0.098558
15 0.628005 0.776442 0.008413 0.100962
