16 0.452825 0.329327 0.007812 0.076923
16 0.509615 0.265625 0.006010 0.069712
16 0.515925 0.522837 0.009014 0.084135
16 0.563401 0.397837 0.007812 0.079327
16 0.592248 0.287260 0.006611 0.074519
16 0.607272 0.365385 0.007812 0.081731
16 0.588341 0.504808 0.008413 0.081731
16 0.622897 0.469952 0.009014 0.079327
16 0.625901 0.590144 0.015024 0.084135
16 0.618389 0.709135 0.010817 0.091346
15 0.429688 0.368990 0.008413 0.084135
15 0.439002 0.558894 0.007812 0.093750
15 0.462740 0.290865 0.006010 0.076923
15 0.521034 0.391827 0.006010 0.072115
15 0.577224 0.310096 0.006611 0.072115
15 0.555288 0.566106 0.007212 0.093750
15 0.518930 0.807692 0.009014 0.110577
15 0.612079 0.460337 0.007812 0.084135
15 0.630409 0.662260 0.010817 0.103365
15 0.664663 0.837740 0.008413 0.103365
0 0.178786 0.356971 0.004207 0.021635
