16 0.389123 0.305288 0.007812 0.072115
16 0.451623 0.463942 0.009014 0.081731
16 0.510817 0.325721 0.010817 0.069712
16 0.605168 0.563702 0.006010 0.084135
16 0.559796 0.621394 0.007812 0.084135
16 0.562800 0.454327 0.007812 0.076923
16 0.589543 0.413462 0.009615 0.081731
16 0.571514 0.219952 0.007212 0.069712
16 0.588942 0.329327 0.007212 0.076923
15 0.454928 0.210337 0.004808 0.069712
15 0.395433 0.299279 0.007212 0.079327
15 0.428185 0.502404 0.009014 0.081731
15 0.479567 0.352163 0.007212 0.074519
15 0.472055 0.784856 0.012620 0.103365
15 0.539062 0.512019 0.009615 0.086538
15 0.547175 0.222356 0.006611 0.064904
15 0.578726 0.384615 0.007212 0.076923
15 0.613281 0.641827 0.009014 0.100962
15 0.628906 0.776442 0.009014 0.100962
