16 0.289062 0.237981 0.006010 0.062500
16 0.302284 0.471154 0.009615 0.081731
16 0.320913 0.299279 0.006010 0.064904
16 0.386719 0.146635 0.006611 0.057692
16 0.460938 0.352163 0.009615 0.084135
16 0.456731 0.622596 0.007212 0.100962
16 0.523438 0.146635 0.006010 0.062500
16 0.544171 0.268029 0.009014 0.079327
16 0.545373 0.368990 0.009014 0.084135
16 0.559796 0.521635 0.007812 0.091346
15 0.288462 0.474760 0.012019 0.093750
15 0.280950 0.224760 0.006611 0.074519
15 0.326022 0.257212 0.007812 0.062500
15 0.362380 0.718750 0.014423 0.100962
15 0.429087 0.468750 0.008413 0.086538
15 0.412260 0.111779 0.006010 0.060096
15 0.513522 0.365385 0.007812 0.076923
15 0.571514 0.605769 0.009615 0.100962
15 0.544772 0.724760 0.013822 0.093750
15 0.514123 0.122596 0.007812 0.072115
0 0.150240 0.408654 0.004808 0.024038
