16 0.321514 0.256010 0.007212 0.064904
16 0.360877 0.462740 0.007812 0.079327
16 0.411058 0.159856 0.006010 0.064904
16 0.387620 0.286058 0.004808 0.062500
16 0.512320 0.389423 0.007812 0.086538
16 0.502404 0.616587 0.010817 0.088942
16 0.580228 0.531250 0.007812 0.086538
16 0.569712 0.408654 0.008413 0.081731
16 0.565204 0.294471 0.006611 0.069712
16 0.545373 0.165865 0.005409 0.072115
15 0.327825 0.245192 0.007812 0.076923
15 0.426683 0.150240 0.006010 0.064904
15 0.384916 0.286058 0.004207 0.067308
15 0.349760 0.486779 0.006010 0.079327
15 0.496394 0.496394 0.007212 0.084135
15 0.540565 0.376202 0.007812 0.079327
15 0.524339 0.155048 0.005409 0.060096
15 0.581130 0.760817 0.012019 0.093750
15 0.594351 0.634615 0.008413 0.091346
