16 0.291466 0.240385 0.007212 0.057692
16 0.325421 0.295673 0.007812 0.072115
16 0.307091 0.466346 0.008413 0.072115
16 0.389123 0.145433 0.005409 0.060096
16 0.466046 0.358173 0.007812 0.081731
16 0.459135 0.622596 0.009615 0.086538
16 0.560998 0.522837 0.010216 0.084135
16 0.545974 0.376202 0.007812 0.079327
16 0.545974 0.266827 0.005409 0.076923
16 0.524639 0.150240 0.007212 0.064904
15 0.283954 0.224760 0.005409 0.069712
15 0.331130 0.260817 0.009615 0.064904
15 0.293570 0.475962 0.010216 0.091346
15 0.412560 0.118990 0.005409 0.060096
15 0.367488 0.713942 0.009014 0.100962
15 0.439002 0.474760 0.009014 0.084135
15 0.515325 0.368990 0.009014 0.079327
15 0.514724 0.121394 0.005409 0.060096
15 0.575721 0.611779 0.010817 0.098558
15 0.549279 0.731971 0.008413 0.088942
