16 0.338341 0.288462 0.008413 0.067308
16 0.322115 0.459135 0.009615 0.081731
16 0.297776 0.240385 0.005409 0.057692
16 0.394832 0.146635 0.006010 0.062500
16 0.479868 0.364183 0.006611 0.079327
16 0.469651 0.616587 0.007812 0.103365
16 0.566406 0.524038 0.010216 0.091346
16 0.554087 0.382212 0.006010 0.076923
16 0.551082 0.282452 0.007212 0.079327
16 0.531550 0.152644 0.006611 0.069712
15 0.295373 0.224760 0.007812 0.060096
15 0.343450 0.263221 0.007812 0.069712
15 0.307091 0.475962 0.009615 0.081731
15 0.413462 0.128606 0.004808 0.060096
15 0.459135 0.477163 0.009615 0.084135
15 0.522236 0.365385 0.006010 0.081731
15 0.518630 0.127404 0.006010 0.057692
15 0.581130 0.615385 0.009615 0.091346
15 0.555889 0.740385 0.012019 0.072115
0 0.150240 0.409856 0.003606 0.021635
