16 0.379207 0.294471 0.006010 0.069712
16 0.437200 0.459135 0.010216 0.076923
16 0.444712 0.177885 0.006010 0.067308
16 0.488582 0.312500 0.008413 0.072115
16 0.547776 0.616587 0.007812 0.093750
16 0.555288 0.442308 0.008413 0.081731
16 0.567308 0.210337 0.007212 0.074519
16 0.590445 0.325721 0.007812 0.084135
16 0.585938 0.412260 0.007212 0.088942
16 0.603966 0.558894 0.006010 0.084135
15 0.384014 0.286058 0.006010 0.076923
15 0.449820 0.194712 0.006611 0.072115
15 0.462139 0.334135 0.009615 0.081731
15 0.416466 0.493990 0.008413 0.084135
15 0.541466 0.211538 0.006010 0.067308
15 0.530950 0.504808 0.006611 0.086538
15 0.457031 0.769231 0.012620 0.100962
15 0.570913 0.382212 0.008413 0.076923
15 0.608474 0.647837 0.005409 0.093750
15 0.624700 0.774038 0.007812 0.105769
0 0.157752 0.407452 0.005409 0.021635
