16 0.487079 0.225962 0.006611 0.062500
16 0.494591 0.491587 0.008413 0.084135
16 0.561599 0.365385 0.007812 0.076923
16 0.597957 0.350962 0.007212 0.076923
16 0.583534 0.257212 0.006010 0.072115
16 0.604567 0.438702 0.006010 0.084135
16 0.582332 0.486779 0.008413 0.079327
16 0.614183 0.566106 0.006010 0.093750
16 0.594651 0.662260 0.009014 0.088942
15 0.425481 0.337740 0.009615 0.084135
15 0.467548 0.256010 0.006010 0.074519
15 0.440805 0.545673 0.007812 0.091346
15 0.515024 0.395433 0.007212 0.079327
15 0.566106 0.275240 0.006010 0.074519
15 0.597656 0.423077 0.006611 0.081731
15 0.552284 0.544471 0.006010 0.088942
15 0.519231 0.826923 0.010817 0.100962
15 0.631310 0.662260 0.007812 0.093750
15 0.647837 0.841346 0.009615 0.100962
