16 0.456430 0.191106 0.006611 0.064904
16 0.391526 0.308894 0.006611 0.069712
16 0.455829 0.467548 0.007812 0.074519
16 0.518329 0.330529 0.007812 0.074519
16 0.572716 0.223558 0.006010 0.067308
16 0.588341 0.330529 0.006010 0.079327
16 0.564002 0.459135 0.006611 0.081731
16 0.591647 0.414663 0.006611 0.088942
16 0.562200 0.623798 0.009014 0.084135
16 0.605469 0.566106 0.005409 0.088942
15 0.398137 0.301683 0.007812 0.084135
15 0.456731 0.216346 0.006010 0.067308
15 0.430889 0.503606 0.006010 0.088942
15 0.476562 0.786058 0.009615 0.105769
15 0.484675 0.354567 0.005409 0.074519
15 0.541466 0.512019 0.007212 0.091346
15 0.548678 0.225962 0.006010 0.067308
15 0.581130 0.389423 0.008413 0.076923
15 0.614784 0.643029 0.008413 0.093750
15 0.629808 0.775240 0.009615 0.098558
