16 0.319712 0.250000 0.006010 0.052885
16 0.358474 0.459135 0.009014 0.072115
16 0.383413 0.289663 0.004808 0.064904
16 0.409856 0.157452 0.007212 0.064904
16 0.509014 0.381010 0.006010 0.079327
16 0.500901 0.614183 0.009014 0.093750
16 0.544171 0.163462 0.005409 0.067308
16 0.564002 0.289663 0.006611 0.079327
16 0.569712 0.401442 0.007212 0.081731
16 0.579627 0.531250 0.007812 0.086538
15 0.380409 0.283654 0.006010 0.067308
15 0.324519 0.245192 0.006010 0.067308
15 0.346154 0.489183 0.007212 0.079327
15 0.425180 0.153846 0.005409 0.062500
15 0.407452 0.704327 0.012019 0.096154
15 0.493690 0.497596 0.009014 0.081731
15 0.578125 0.759615 0.007212 0.096154
15 0.538161 0.373798 0.005409 0.074519
15 0.592849 0.631010 0.006611 0.093750
15 0.524038 0.149038 0.004808 0.062500
