16 0.295974 0.241587 0.006611 0.055288
16 0.335337 0.292067 0.007212 0.064904
16 0.318510 0.466346 0.008413 0.072115
16 0.392728 0.147837 0.005409 0.060096
16 0.475962 0.366587 0.008413 0.074519
16 0.530950 0.157452 0.006611 0.064904
16 0.467248 0.622596 0.009014 0.086538
16 0.565505 0.525240 0.008413 0.088942
16 0.552284 0.382212 0.008413 0.072115
16 0.548978 0.272837 0.007812 0.074519
15 0.292668 0.228365 0.004808 0.067308
15 0.305288 0.483173 0.009615 0.081731
15 0.341046 0.265625 0.006611 0.064904
15 0.414663 0.123798 0.004808 0.060096
15 0.377103 0.710337 0.010216 0.103365
15 0.453726 0.475962 0.009615 0.081731
15 0.520132 0.371394 0.009014 0.074519
15 0.579928 0.611779 0.008413 0.088942
15 0.554387 0.742788 0.011418 0.072115
15 0.517428 0.126202 0.006010 0.060096
