16 0.314002 0.300481 0.007812 0.076923
16 0.282752 0.240385 0.007812 0.062500
16 0.286058 0.471154 0.007212 0.081731
16 0.381010 0.143029 0.007212 0.064904
16 0.447716 0.348558 0.007212 0.076923
16 0.445913 0.628606 0.007212 0.098558
16 0.517728 0.144231 0.005409 0.062500
16 0.539062 0.256010 0.007212 0.079327
16 0.539663 0.367788 0.008413 0.086538
16 0.552284 0.513221 0.008413 0.098558
15 0.270433 0.215144 0.007212 0.069712
15 0.271935 0.471154 0.009014 0.086538
15 0.315204 0.263221 0.006611 0.074519
15 0.350661 0.722356 0.013822 0.098558
15 0.407752 0.460337 0.012620 0.084135
15 0.409856 0.099760 0.006010 0.060096
15 0.510817 0.117788 0.006010 0.057692
15 0.506611 0.367788 0.007212 0.076923
15 0.566106 0.599760 0.010817 0.098558
15 0.535457 0.717548 0.009615 0.098558
