16 0.398438 0.319712 0.007212 0.072115
16 0.462740 0.194712 0.006010 0.067308
16 0.462740 0.472356 0.008413 0.079327
16 0.530950 0.336538 0.007812 0.081731
16 0.574219 0.229567 0.006611 0.079327
16 0.567308 0.468750 0.008413 0.086538
16 0.594050 0.417067 0.007812 0.079327
16 0.588341 0.329327 0.007212 0.086538
16 0.569111 0.631010 0.009615 0.093750
16 0.606070 0.566106 0.006611 0.088942
15 0.404748 0.306490 0.007812 0.084135
15 0.458834 0.222356 0.006611 0.074519
15 0.491887 0.362981 0.009014 0.072115
15 0.437800 0.508413 0.007812 0.084135
15 0.486478 0.793269 0.011418 0.100962
15 0.545974 0.516827 0.005409 0.086538
15 0.552584 0.239183 0.006611 0.069712
15 0.585637 0.388221 0.010216 0.084135
15 0.617188 0.645433 0.009615 0.098558
15 0.631911 0.782452 0.010216 0.098558
