16 0.359075 0.271635 0.006611 0.067308
16 0.407752 0.460337 0.007812 0.088942
16 0.430889 0.164663 0.007212 0.064904
16 0.451623 0.300481 0.007812 0.072115
16 0.530950 0.615385 0.010216 0.091346
16 0.543570 0.427885 0.006611 0.086538
16 0.559796 0.194712 0.006611 0.072115
16 0.582332 0.318510 0.007212 0.084135
16 0.584135 0.413462 0.007212 0.086538
16 0.595853 0.551683 0.009014 0.088942
15 0.365385 0.264423 0.007212 0.072115
15 0.440204 0.179087 0.006611 0.064904
15 0.432692 0.313702 0.007212 0.069712
15 0.395433 0.490385 0.008413 0.086538
15 0.442308 0.740385 0.009615 0.100962
15 0.518329 0.503606 0.006611 0.088942
15 0.557692 0.381010 0.006010 0.079327
15 0.533954 0.189904 0.006611 0.062500
15 0.606671 0.652644 0.009014 0.069712
15 0.611478 0.770433 0.011418 0.103365
0 0.155349 0.407452 0.004207 0.021635
