16 0.489183 0.490385 0.007212 0.086538
16 0.483474 0.217548 0.005409 0.069712
16 0.419171 0.318510 0.005409 0.074519
16 0.558594 0.361779 0.006611 0.079327
16 0.580228 0.253606 0.006611 0.069712
16 0.595252 0.342548 0.007812 0.069712
16 0.579026 0.485577 0.007812 0.091346
16 0.602764 0.427885 0.007212 0.086538
16 0.612981 0.566106 0.008413 0.088942
16 0.588942 0.659856 0.009615 0.088942
15 0.423377 0.331731 0.007812 0.081731
15 0.466046 0.246394 0.007812 0.069712
15 0.441106 0.537260 0.008413 0.088942
15 0.512921 0.385817 0.009014 0.079327
15 0.516827 0.819712 0.013221 0.105769
15 0.550481 0.537260 0.008413 0.084135
15 0.562800 0.269231 0.006611 0.072115
15 0.596454 0.413462 0.005409 0.081731
15 0.629207 0.657452 0.009615 0.103365
15 0.644231 0.834135 0.010817 0.100962
0 0.157151 0.406250 0.004207 0.019231
