16 0.375901 0.288462 0.006611 0.062500
16 0.434195 0.459135 0.007812 0.081731
16 0.444111 0.177885 0.007212 0.067308
16 0.484075 0.308894 0.010216 0.069712
16 0.546575 0.615385 0.007812 0.096154
16 0.604868 0.556490 0.009014 0.093750
16 0.554688 0.441106 0.007212 0.079327
16 0.585938 0.413462 0.007212 0.086538
16 0.589844 0.324519 0.006611 0.086538
16 0.567308 0.207933 0.007212 0.069712
15 0.382212 0.282452 0.008413 0.069712
15 0.449219 0.193510 0.007812 0.069712
15 0.459135 0.334135 0.007212 0.072115
15 0.414062 0.490385 0.007212 0.091346
15 0.540865 0.207933 0.007212 0.064904
15 0.457332 0.764423 0.012019 0.100962
15 0.529147 0.506010 0.007812 0.084135
15 0.569712 0.382212 0.006010 0.081731
15 0.607272 0.645433 0.007812 0.098558
15 0.624099 0.772837 0.007812 0.098558
0 0.157452 0.407452 0.004808 0.021635
