16 0.339243 0.268029 0.006611 0.064904
16 0.383413 0.459135 0.010817 0.081731
16 0.417368 0.287260 0.010216 0.074519
16 0.421575 0.162260 0.007812 0.064904
16 0.517428 0.616587 0.012019 0.093750
16 0.527344 0.411058 0.006611 0.081731
16 0.578425 0.409856 0.009014 0.084135
16 0.588341 0.534856 0.008413 0.093750
16 0.573918 0.306490 0.008413 0.074519
16 0.552284 0.179087 0.006010 0.064904
15 0.346454 0.252404 0.006611 0.076923
15 0.433293 0.170673 0.007212 0.067308
15 0.408353 0.299279 0.007812 0.069712
15 0.371995 0.493990 0.008413 0.084135
15 0.426683 0.715144 0.008413 0.103365
15 0.508113 0.501202 0.009014 0.088942
15 0.528846 0.173077 0.008413 0.062500
15 0.548978 0.379808 0.007812 0.081731
15 0.600962 0.640625 0.010817 0.093750
15 0.595853 0.764423 0.010216 0.096154
