16 0.422776 0.537260 0.007812 0.084135
16 0.532752 0.349760 0.006611 0.079327
16 0.542368 0.650240 0.010216 0.093750
16 0.582933 0.518029 0.008413 0.088942
16 0.591046 0.680288 0.007812 0.105769
16 0.632212 0.318510 0.006010 0.074519
16 0.675180 0.427885 0.010216 0.100962
16 0.666767 0.645433 0.005409 0.088942
16 0.701022 0.599760 0.007812 0.093750
16 0.692007 0.771635 0.012620 0.105769
15 0.604567 0.344952 0.006010 0.069712
15 0.522837 0.513221 0.010817 0.098558
15 0.500300 0.646635 0.007812 0.100962
15 0.477163 0.786058 0.009615 0.110577
15 0.414062 0.532452 0.012019 0.108173
15 0.445913 0.300481 0.007212 0.076923
15 0.608474 0.614183 0.012620 0.108173
15 0.652344 0.584135 0.007812 0.091346
15 0.663462 0.786058 0.010817 0.105769
15 0.662861 0.663462 0.007212 0.105769
0 0.481971 0.902644 0.006010 0.026442
