16 0.337740 0.269231 0.006010 0.062500
16 0.382212 0.461538 0.009615 0.076923
16 0.414663 0.288462 0.009615 0.072115
16 0.420373 0.163462 0.006611 0.067308
16 0.515325 0.615385 0.010216 0.091346
16 0.524639 0.412260 0.009615 0.079327
16 0.551683 0.177885 0.006010 0.067308
16 0.572115 0.305288 0.007212 0.076923
16 0.577825 0.411058 0.007812 0.081731
16 0.586538 0.537260 0.009615 0.079327
15 0.344651 0.256010 0.007812 0.074519
15 0.405349 0.294471 0.009014 0.069712
15 0.369591 0.491587 0.008413 0.088942
15 0.424579 0.716346 0.011418 0.100962
15 0.432091 0.164663 0.007212 0.069712
15 0.527945 0.163462 0.007812 0.072115
15 0.506611 0.504808 0.008413 0.086538
15 0.547175 0.379808 0.009014 0.086538
15 0.594050 0.766827 0.007812 0.100962
15 0.599760 0.637019 0.010817 0.100962
0 0.151442 0.409856 0.004808 0.021635
