16 0.401442 0.319712 0.007212 0.072115
16 0.466647 0.195913 0.006611 0.069712
16 0.467849 0.474760 0.007812 0.079327
16 0.538462 0.342548 0.009615 0.074519
16 0.574820 0.234375 0.006611 0.069712
16 0.570312 0.469952 0.008413 0.084135
16 0.590445 0.328125 0.006611 0.069712
16 0.595252 0.421875 0.006611 0.084135
16 0.573618 0.634615 0.010216 0.091346
16 0.607272 0.564904 0.007812 0.091346
15 0.441106 0.509615 0.007212 0.086538
15 0.408654 0.312500 0.009615 0.086538
15 0.460637 0.225962 0.007812 0.067308
15 0.496094 0.367788 0.007812 0.072115
15 0.554387 0.245192 0.006611 0.067308
15 0.491587 0.793269 0.007212 0.105769
15 0.548678 0.518029 0.008413 0.088942
15 0.589543 0.388221 0.006010 0.079327
15 0.620192 0.646635 0.006010 0.096154
15 0.634315 0.788462 0.010216 0.096154
