16 0.414663 0.324519 0.007212 0.072115
16 0.479868 0.216346 0.005409 0.072115
16 0.484075 0.487981 0.007812 0.081731
16 0.554688 0.352163 0.007212 0.079327
16 0.579026 0.248798 0.006611 0.069712
16 0.593450 0.340144 0.007812 0.069712
16 0.577825 0.483173 0.007812 0.086538
16 0.600962 0.427885 0.007212 0.086538
16 0.610877 0.567308 0.007812 0.086538
16 0.586538 0.650240 0.007212 0.098558
15 0.420373 0.325721 0.007812 0.084135
15 0.464844 0.245192 0.007812 0.072115
15 0.442308 0.528846 0.007212 0.086538
15 0.508413 0.383413 0.008413 0.084135
15 0.512320 0.817308 0.009014 0.110577
15 0.551683 0.532452 0.007212 0.084135
15 0.561599 0.263221 0.006611 0.069712
15 0.595853 0.411058 0.006611 0.081731
15 0.627103 0.657452 0.006611 0.103365
15 0.640925 0.823317 0.009014 0.103365
0 0.157452 0.406250 0.003606 0.019231
