16 0.430889 0.319712 0.007212 0.062500
16 0.492788 0.239183 0.007212 0.069712
16 0.503606 0.492788 0.006010 0.081731
16 0.562800 0.379808 0.006611 0.081731
16 0.585938 0.263221 0.007212 0.069712
16 0.600962 0.349760 0.006010 0.079327
16 0.607873 0.444712 0.007812 0.081731
16 0.585938 0.487981 0.008413 0.086538
16 0.615986 0.568510 0.008413 0.088942
16 0.600962 0.664663 0.010817 0.093750
15 0.426082 0.346154 0.007212 0.081731
15 0.440204 0.552885 0.007812 0.091346
15 0.468450 0.258413 0.006611 0.079327
15 0.517728 0.393029 0.007812 0.079327
15 0.569111 0.281250 0.007212 0.072115
15 0.555288 0.550481 0.007212 0.096154
15 0.518329 0.826923 0.010216 0.100962
15 0.599159 0.429087 0.006010 0.088942
15 0.632812 0.656250 0.008413 0.100962
15 0.650841 0.856971 0.009615 0.103365
0 0.157151 0.406250 0.003005 0.014423
