15 0.229567 0.197115 0.006010 0.067308
15 0.203125 0.487981 0.007212 0.076923
15 0.288462 0.272837 0.004808 0.060096
15 0.338341 0.431490 0.008413 0.074519
15 0.298077 0.733173 0.010817 0.105769
15 0.481671 0.383413 0.007812 0.074519
15 0.393630 0.069712 0.003606 0.052885
15 0.488281 0.112981 0.005409 0.057692
15 0.491887 0.650240 0.007812 0.098558
15 0.548678 0.549279 0.007212 0.093750
16 0.535156 0.504808 0.006611 0.091346
16 0.526743 0.387019 0.006611 0.086538
16 0.531250 0.233173 0.006010 0.072115
16 0.496094 0.131010 0.007812 0.064904
16 0.412861 0.626202 0.008413 0.093750
16 0.421575 0.343750 0.007812 0.076923
16 0.359675 0.152644 0.005409 0.055288
16 0.288462 0.331731 0.006010 0.067308
16 0.263221 0.260817 0.006010 0.064904
16 0.222656 0.496394 0.007812 0.079327
