16 0.387921 0.302885 0.006611 0.067308
16 0.451022 0.462740 0.009014 0.079327
16 0.452825 0.181490 0.006611 0.064904
16 0.509014 0.320913 0.009615 0.074519
16 0.604567 0.562500 0.006010 0.086538
16 0.558594 0.618990 0.009014 0.088942
16 0.561599 0.451923 0.007812 0.086538
16 0.590445 0.412260 0.009014 0.079327
16 0.589844 0.329327 0.007812 0.076923
16 0.571514 0.219952 0.006010 0.069712
15 0.454627 0.211538 0.006611 0.067308
15 0.394231 0.298077 0.006010 0.086538
15 0.426983 0.502404 0.009014 0.081731
15 0.471154 0.782452 0.012019 0.103365
15 0.478666 0.347356 0.006611 0.074519
15 0.547175 0.222356 0.005409 0.064904
15 0.538161 0.510817 0.009014 0.084135
15 0.577224 0.387019 0.007812 0.076923
15 0.612680 0.643029 0.007812 0.098558
15 0.628606 0.778846 0.008413 0.100962
