16 0.435998 0.490385 0.006611 0.086538
16 0.530950 0.341346 0.006611 0.086538
16 0.536058 0.625000 0.009615 0.086538
16 0.583534 0.496394 0.008413 0.084135
16 0.587139 0.662260 0.008413 0.084135
16 0.628606 0.319712 0.006010 0.072115
16 0.675180 0.442308 0.010216 0.081731
16 0.697716 0.596154 0.009615 0.091346
16 0.689603 0.754808 0.011418 0.091346
15 0.447115 0.296875 0.007212 0.069712
15 0.420974 0.483173 0.007812 0.086538
15 0.507212 0.623798 0.008413 0.084135
15 0.490385 0.727163 0.012019 0.079327
15 0.528546 0.500000 0.007812 0.086538
15 0.591046 0.622596 0.007812 0.086538
15 0.603365 0.342548 0.007212 0.069712
15 0.650240 0.575721 0.007212 0.084135
15 0.655950 0.663462 0.007812 0.096154
15 0.671575 0.764423 0.011418 0.086538
0 0.534255 0.572115 0.004808 0.028846
