16 0.437200 0.475962 0.007812 0.067308
16 0.531250 0.337740 0.008413 0.079327
16 0.533954 0.618990 0.009014 0.088942
16 0.583534 0.496394 0.007212 0.084135
16 0.585938 0.647837 0.009615 0.079327
16 0.628005 0.319712 0.006010 0.076923
16 0.671575 0.441106 0.006611 0.079327
16 0.694712 0.599760 0.010817 0.093750
16 0.689303 0.748798 0.012019 0.103365
15 0.447115 0.300481 0.006010 0.076923
15 0.421575 0.477163 0.009014 0.093750
15 0.492188 0.729567 0.009615 0.084135
15 0.507212 0.616587 0.010817 0.088942
15 0.527945 0.498798 0.009014 0.088942
15 0.602163 0.342548 0.006010 0.084135
15 0.648438 0.570913 0.010817 0.093750
15 0.654748 0.665865 0.006611 0.096154
15 0.674579 0.764423 0.007812 0.086538
0 0.545072 0.542067 0.006010 0.021635
15 0.588942 0.626202 0.007212 0.074519
