16 0.455228 0.365385 0.007812 0.072115
16 0.519231 0.296875 0.007212 0.084135
16 0.513522 0.566106 0.007812 0.088942
16 0.563401 0.426683 0.007812 0.088942
16 0.591647 0.568510 0.009014 0.093750
16 0.606671 0.317308 0.010216 0.076923
16 0.626502 0.397837 0.006611 0.079327
16 0.643930 0.508413 0.010216 0.079327
16 0.630409 0.628606 0.007212 0.093750
16 0.638522 0.739183 0.009014 0.098558
15 0.454026 0.304087 0.007812 0.074519
15 0.429688 0.396635 0.007212 0.081731
15 0.458534 0.567308 0.007212 0.072115
15 0.515325 0.759615 0.010216 0.110577
15 0.522837 0.427885 0.007212 0.076923
15 0.564002 0.618990 0.007812 0.098558
15 0.586538 0.326923 0.007212 0.072115
15 0.624099 0.507212 0.007812 0.081731
15 0.621394 0.656250 0.014423 0.086538
15 0.670373 0.818510 0.009014 0.098558
0 0.412560 0.066106 0.004207 0.026442
