16 0.456731 0.356971 0.006010 0.069712
16 0.517127 0.295673 0.006611 0.072115
16 0.562200 0.425481 0.007812 0.081731
16 0.512320 0.554087 0.007812 0.084135
16 0.591046 0.560096 0.009014 0.086538
16 0.603365 0.304087 0.007212 0.074519
16 0.623498 0.395433 0.007812 0.079327
16 0.640325 0.506010 0.011418 0.074519
16 0.631010 0.618990 0.008413 0.093750
16 0.631611 0.737981 0.013221 0.096154
16 0.455228 0.302885 0.006611 0.067308
15 0.430889 0.397837 0.007212 0.088942
15 0.452825 0.564904 0.010216 0.076923
15 0.524038 0.420673 0.007212 0.081731
15 0.517127 0.768029 0.010216 0.108173
15 0.561599 0.612981 0.007812 0.091346
15 0.584736 0.325721 0.007212 0.069712
15 0.621094 0.498798 0.007812 0.074519
15 0.620192 0.651442 0.009615 0.096154
15 0.670373 0.818510 0.011418 0.093750
0 0.381310 0.045673 0.005409 0.019231
