16 0.309796 0.241587 0.004207 0.060096
16 0.342849 0.467548 0.007812 0.088942
16 0.360276 0.287260 0.007812 0.060096
16 0.402945 0.156250 0.007812 0.062500
16 0.498798 0.375000 0.010817 0.076923
16 0.487981 0.615385 0.008413 0.096154
16 0.539062 0.161058 0.008413 0.067308
16 0.557692 0.288462 0.007212 0.081731
16 0.564603 0.399038 0.009014 0.086538
16 0.574519 0.530048 0.007212 0.098558
15 0.366286 0.272837 0.006611 0.069712
15 0.313101 0.235577 0.004808 0.062500
15 0.420974 0.145433 0.006611 0.064904
15 0.330228 0.486779 0.007812 0.084135
15 0.396334 0.698317 0.012620 0.103365
15 0.483173 0.490385 0.010817 0.086538
15 0.521935 0.141827 0.006611 0.062500
15 0.531250 0.370192 0.009615 0.081731
15 0.567608 0.753606 0.012620 0.088942
15 0.587139 0.629808 0.008413 0.096154
