16 0.434796 0.498798 0.007812 0.084135
16 0.530950 0.347356 0.006611 0.084135
16 0.536659 0.632212 0.009615 0.086538
16 0.584435 0.502404 0.009014 0.096154
16 0.587139 0.667067 0.008413 0.084135
16 0.627704 0.318510 0.006611 0.074519
16 0.676683 0.435096 0.009615 0.086538
16 0.699820 0.599760 0.007812 0.093750
16 0.691707 0.751202 0.009615 0.093750
16 0.656550 0.644231 0.007812 0.091346
15 0.448017 0.299279 0.005409 0.079327
15 0.421575 0.491587 0.007812 0.093750
15 0.507212 0.629808 0.008413 0.086538
15 0.489784 0.733173 0.009615 0.081731
15 0.528546 0.503606 0.007812 0.084135
15 0.594050 0.621394 0.007812 0.079327
15 0.650841 0.579327 0.007212 0.096154
15 0.670974 0.764423 0.010216 0.086538
15 0.655950 0.668269 0.007812 0.100962
15 0.603966 0.341346 0.007212 0.072115
0 0.529147 0.591346 0.004207 0.024038
