16 0.286659 0.239183 0.007212 0.064904
16 0.293570 0.473558 0.009014 0.076923
16 0.318510 0.295673 0.006010 0.072115
16 0.382212 0.144231 0.006010 0.067308
16 0.452825 0.350962 0.007812 0.076923
16 0.451623 0.628606 0.011418 0.088942
16 0.520433 0.147837 0.007212 0.060096
16 0.540865 0.259615 0.006010 0.076923
16 0.542067 0.368990 0.009615 0.088942
16 0.555288 0.520433 0.009615 0.088942
15 0.275240 0.221154 0.007212 0.067308
15 0.279147 0.472356 0.009014 0.088942
15 0.320012 0.258413 0.006611 0.060096
15 0.411058 0.105769 0.006010 0.072115
15 0.418570 0.466346 0.010216 0.086538
15 0.355469 0.715144 0.007812 0.103365
15 0.512320 0.115385 0.006611 0.062500
15 0.509615 0.366587 0.008413 0.079327
15 0.569411 0.600962 0.010216 0.091346
15 0.539663 0.719952 0.009615 0.093750
