16 0.453425 0.465144 0.006611 0.079327
16 0.390325 0.304087 0.006611 0.069712
16 0.515325 0.323317 0.007812 0.074519
16 0.563401 0.455529 0.007812 0.079327
16 0.561599 0.621394 0.010216 0.093750
16 0.572115 0.222356 0.007212 0.069712
16 0.588341 0.330529 0.007212 0.079327
16 0.591046 0.414663 0.010216 0.084135
16 0.606070 0.566106 0.007812 0.088942
15 0.395733 0.302885 0.006611 0.081731
15 0.455529 0.211538 0.006010 0.062500
15 0.481971 0.355769 0.007212 0.072115
15 0.429387 0.506010 0.007812 0.084135
15 0.474159 0.783654 0.010817 0.105769
15 0.547776 0.225962 0.005409 0.067308
15 0.539663 0.514423 0.008413 0.086538
15 0.579928 0.384615 0.007212 0.081731
15 0.612380 0.644231 0.009615 0.096154
15 0.629207 0.776442 0.009615 0.100962
