16 0.371695 0.289663 0.006611 0.064904
16 0.427284 0.454327 0.007212 0.086538
16 0.439603 0.175481 0.007812 0.062500
16 0.473558 0.306490 0.007212 0.079327
16 0.564603 0.201923 0.006611 0.072115
16 0.587139 0.326923 0.008413 0.086538
16 0.552284 0.437500 0.008413 0.086538
16 0.541466 0.611779 0.009615 0.093750
16 0.585938 0.413462 0.006010 0.081731
16 0.602163 0.552885 0.006010 0.091346
15 0.377704 0.278846 0.007812 0.076923
15 0.446815 0.191106 0.006611 0.064904
15 0.450120 0.331731 0.008413 0.076923
15 0.409856 0.491587 0.010817 0.088942
15 0.539062 0.204327 0.006010 0.067308
15 0.526142 0.506010 0.007812 0.088942
15 0.451022 0.760817 0.010216 0.108173
15 0.566707 0.387019 0.008413 0.081731
15 0.607572 0.655048 0.009615 0.079327
15 0.621094 0.770433 0.011418 0.098558
