16 0.443510 0.319712 0.007212 0.076923
16 0.504207 0.257212 0.007212 0.067308
16 0.514724 0.506010 0.009014 0.084135
16 0.564603 0.395433 0.006611 0.084135
16 0.587740 0.277644 0.007212 0.069712
16 0.606070 0.350962 0.007812 0.076923
16 0.590445 0.490385 0.007812 0.091346
16 0.614784 0.460337 0.008413 0.079327
16 0.623498 0.580529 0.009014 0.093750
16 0.611478 0.681490 0.007812 0.093750
15 0.424579 0.353365 0.007812 0.081731
15 0.443510 0.561298 0.008413 0.088942
15 0.466046 0.280048 0.006611 0.069712
15 0.521034 0.388221 0.006010 0.084135
15 0.518630 0.826923 0.010817 0.100962
15 0.556490 0.555288 0.007212 0.091346
15 0.574219 0.301683 0.006611 0.069712
15 0.605469 0.444712 0.007812 0.081731
15 0.629808 0.651442 0.008413 0.091346
15 0.659555 0.858173 0.010216 0.100962
0 0.157151 0.405048 0.003005 0.016827
