16 0.312200 0.252404 0.005409 0.062500
16 0.349760 0.467548 0.009615 0.074519
16 0.372296 0.287260 0.007812 0.064904
16 0.405950 0.156250 0.006611 0.062500
16 0.505409 0.378606 0.007212 0.079327
16 0.493990 0.614183 0.012019 0.088942
16 0.542067 0.162260 0.007212 0.069712
16 0.560998 0.290865 0.009014 0.076923
16 0.566707 0.400240 0.007212 0.084135
16 0.576623 0.527644 0.009014 0.084135
15 0.319111 0.240385 0.006010 0.067308
15 0.374099 0.271635 0.005409 0.067308
15 0.337139 0.490385 0.006010 0.086538
15 0.422175 0.151442 0.005409 0.072115
15 0.486478 0.491587 0.009014 0.093750
15 0.535457 0.372596 0.007212 0.072115
15 0.522236 0.145433 0.006010 0.060096
15 0.589844 0.631010 0.009014 0.093750
15 0.573017 0.757212 0.011418 0.096154
15 0.400240 0.693510 0.007212 0.103365
0 0.150541 0.409856 0.004207 0.016827
