16 0.396034 0.314904 0.007212 0.076923
16 0.460938 0.194712 0.007212 0.062500
16 0.460938 0.467548 0.007212 0.084135
16 0.526743 0.335337 0.010216 0.079327
16 0.573618 0.225962 0.006611 0.072115
16 0.566707 0.461538 0.008413 0.086538
16 0.588341 0.331731 0.008413 0.081731
16 0.593450 0.418269 0.007812 0.100962
16 0.567909 0.631010 0.008413 0.088942
16 0.605469 0.564904 0.006611 0.091346
15 0.402644 0.306490 0.007212 0.084135
15 0.457933 0.213942 0.006010 0.067308
15 0.489483 0.360577 0.007812 0.072115
15 0.435397 0.507212 0.007812 0.086538
15 0.481971 0.794471 0.008413 0.108173
15 0.544171 0.521635 0.009014 0.091346
15 0.551683 0.235577 0.007212 0.067308
15 0.584736 0.387019 0.006010 0.081731
15 0.617188 0.645433 0.008413 0.098558
15 0.630709 0.780048 0.007812 0.108173
