16 0.374700 0.289663 0.007812 0.064904
16 0.432091 0.460337 0.007212 0.079327
16 0.482272 0.304087 0.006611 0.074519
16 0.442909 0.176683 0.007212 0.069712
16 0.544772 0.616587 0.007812 0.093750
16 0.554087 0.442308 0.006010 0.086538
16 0.603365 0.563702 0.007212 0.093750
16 0.585938 0.412260 0.007212 0.088942
16 0.587740 0.325721 0.007212 0.084135
16 0.565204 0.206731 0.006611 0.072115
15 0.381611 0.277644 0.007212 0.079327
15 0.447716 0.193510 0.007212 0.069712
15 0.412861 0.491587 0.007212 0.088942
15 0.456430 0.334135 0.009014 0.076923
15 0.456130 0.760817 0.010817 0.108173
15 0.528546 0.507212 0.009014 0.086538
15 0.540264 0.206731 0.006010 0.067308
15 0.569111 0.382212 0.006010 0.081731
15 0.607873 0.647837 0.009014 0.093750
15 0.624099 0.772837 0.007812 0.103365
0 0.156851 0.405048 0.003606 0.016827
