16 0.442909 0.442308 0.007212 0.072115
16 0.528546 0.329327 0.007812 0.076923
16 0.528546 0.593750 0.009014 0.086538
16 0.577825 0.474760 0.007812 0.088942
16 0.624099 0.322115 0.009014 0.072115
16 0.658954 0.427885 0.007812 0.076923
16 0.680889 0.582933 0.010817 0.093750
16 0.676683 0.740385 0.010817 0.091346
16 0.586538 0.614183 0.008413 0.088942
15 0.423678 0.445913 0.007212 0.084135
15 0.447716 0.302885 0.004808 0.076923
15 0.497596 0.590144 0.007212 0.079327
15 0.597356 0.342548 0.007212 0.079327
15 0.499399 0.728365 0.008413 0.096154
15 0.524639 0.483173 0.007212 0.081731
15 0.581430 0.599760 0.010216 0.069712
15 0.642127 0.562500 0.006611 0.091346
15 0.649940 0.669471 0.011418 0.103365
15 0.682993 0.778846 0.007812 0.100962
