16 0.295974 0.241587 0.007812 0.060096
16 0.317308 0.466346 0.010817 0.072115
16 0.333233 0.294471 0.007812 0.069712
16 0.392127 0.150240 0.006611 0.064904
16 0.475361 0.365385 0.009615 0.076923
16 0.466046 0.622596 0.011418 0.086538
16 0.530349 0.155048 0.006611 0.069712
16 0.548678 0.275240 0.006010 0.079327
16 0.551683 0.381010 0.008413 0.084135
16 0.565204 0.526442 0.009014 0.091346
15 0.339543 0.265625 0.007212 0.060096
15 0.303185 0.479567 0.010216 0.084135
15 0.291466 0.227163 0.004808 0.069712
15 0.374700 0.710337 0.007812 0.103365
15 0.451923 0.475962 0.008413 0.081731
15 0.520132 0.372596 0.009014 0.081731
15 0.414663 0.123798 0.006010 0.060096
15 0.517127 0.125000 0.006611 0.057692
15 0.578425 0.612981 0.007812 0.091346
15 0.553786 0.743990 0.010216 0.069712
