16 0.419772 0.554087 0.010216 0.088942
16 0.534856 0.356971 0.008413 0.088942
16 0.544171 0.647837 0.009014 0.084135
16 0.582332 0.522837 0.008413 0.093750
16 0.594651 0.683894 0.010216 0.108173
16 0.634014 0.318510 0.007212 0.079327
16 0.674279 0.429087 0.010817 0.103365
16 0.670974 0.644231 0.005409 0.096154
16 0.699219 0.597356 0.010216 0.093750
16 0.692308 0.772837 0.008413 0.093750
15 0.445613 0.296875 0.009014 0.084135
15 0.410757 0.546875 0.009014 0.103365
15 0.495793 0.644231 0.007212 0.100962
15 0.519531 0.509615 0.009014 0.096154
15 0.474760 0.801683 0.009615 0.098558
15 0.603966 0.337740 0.006010 0.074519
15 0.614183 0.614183 0.013221 0.108173
15 0.652945 0.584135 0.007812 0.091346
15 0.661659 0.798077 0.012019 0.096154
15 0.663462 0.662260 0.010817 0.084135
