16 0.346755 0.270433 0.004808 0.064904
16 0.393029 0.460337 0.010817 0.074519
16 0.522837 0.616587 0.010817 0.088942
16 0.424880 0.164663 0.007212 0.064904
16 0.430288 0.296875 0.006010 0.069712
16 0.533353 0.420673 0.011418 0.081731
16 0.555288 0.185096 0.006010 0.072115
16 0.577825 0.311298 0.006611 0.074519
16 0.580228 0.412260 0.009014 0.088942
16 0.591046 0.538462 0.009014 0.086538
15 0.601562 0.758413 0.007212 0.093750
15 0.603966 0.643029 0.007212 0.093750
15 0.552284 0.381010 0.008413 0.074519
15 0.512019 0.507212 0.009615 0.081731
15 0.432091 0.727163 0.010817 0.103365
15 0.530950 0.179087 0.004207 0.060096
15 0.435998 0.175481 0.006611 0.062500
15 0.417668 0.304087 0.006010 0.069712
15 0.381010 0.492788 0.007212 0.081731
15 0.353966 0.257212 0.006010 0.076923
