16 0.455228 0.342548 0.006611 0.069712
16 0.515325 0.287260 0.006611 0.074519
16 0.512921 0.552885 0.007812 0.086538
16 0.562200 0.413462 0.007812 0.076923
16 0.599760 0.308894 0.008413 0.069712
16 0.617788 0.383413 0.008413 0.079327
16 0.587740 0.537260 0.008413 0.079327
16 0.634014 0.491587 0.008413 0.088942
16 0.632212 0.614183 0.010817 0.088942
16 0.618990 0.741587 0.012019 0.093750
15 0.459135 0.304087 0.007212 0.074519
15 0.432091 0.389423 0.008413 0.086538
15 0.444111 0.557692 0.010817 0.081731
15 0.524639 0.412260 0.006010 0.079327
15 0.519231 0.778846 0.009615 0.100962
15 0.557091 0.598558 0.006010 0.086538
15 0.582332 0.319712 0.006010 0.072115
15 0.618389 0.487981 0.007212 0.086538
15 0.621695 0.651442 0.009014 0.096154
15 0.668570 0.819712 0.009014 0.100962
0 0.328726 0.063702 0.004808 0.021635
