16 0.357873 0.278846 0.007812 0.072115
16 0.405950 0.460337 0.009014 0.079327
16 0.430288 0.165865 0.009615 0.062500
16 0.447716 0.301683 0.008413 0.074519
16 0.530349 0.616587 0.012620 0.093750
16 0.595252 0.548077 0.009014 0.091346
16 0.583534 0.412260 0.007212 0.088942
16 0.542969 0.427885 0.006611 0.081731
16 0.582332 0.317308 0.006010 0.081731
16 0.559195 0.193510 0.005409 0.064904
15 0.364784 0.265625 0.007212 0.069712
15 0.440204 0.179087 0.007812 0.069712
15 0.431490 0.314904 0.007212 0.067308
15 0.394832 0.492788 0.007212 0.081731
15 0.440204 0.740385 0.007812 0.105769
15 0.517728 0.507212 0.009014 0.091346
15 0.534255 0.189904 0.004808 0.062500
15 0.557091 0.381010 0.007212 0.079327
15 0.606671 0.649038 0.010216 0.081731
15 0.610276 0.769231 0.010216 0.096154
0 0.155048 0.407452 0.004808 0.016827
