16 0.489183 0.225962 0.007212 0.067308
16 0.498498 0.491587 0.006611 0.079327
16 0.562200 0.367788 0.007812 0.081731
16 0.584135 0.258413 0.007212 0.074519
16 0.597957 0.350962 0.007212 0.081731
16 0.606070 0.442308 0.007812 0.086538
16 0.582933 0.483173 0.007212 0.086538
16 0.614784 0.566106 0.007212 0.093750
16 0.597957 0.659856 0.008413 0.093750
15 0.426082 0.341346 0.008413 0.086538
15 0.468450 0.256010 0.006611 0.069712
15 0.441106 0.548077 0.007212 0.091346
15 0.515925 0.396635 0.006611 0.081731
15 0.567308 0.277644 0.006010 0.069712
15 0.518930 0.823317 0.010216 0.103365
15 0.553486 0.545673 0.007212 0.086538
15 0.597957 0.425481 0.007212 0.081731
15 0.632212 0.661058 0.006010 0.091346
15 0.649038 0.852163 0.007212 0.108173
0 0.157151 0.406250 0.004207 0.014423
