16 0.300180 0.242788 0.005409 0.052885
16 0.327825 0.469952 0.009014 0.079327
16 0.343450 0.288462 0.007812 0.062500
16 0.397236 0.153846 0.006010 0.067308
16 0.485877 0.365385 0.009014 0.081731
16 0.472055 0.616587 0.010216 0.098558
16 0.554688 0.382212 0.008413 0.081731
16 0.569111 0.526442 0.007212 0.091346
16 0.552885 0.282452 0.007212 0.069712
16 0.533954 0.156250 0.007812 0.072115
15 0.300481 0.227163 0.004808 0.064904
15 0.350361 0.268029 0.007212 0.064904
15 0.313401 0.485577 0.007812 0.076923
15 0.383413 0.710337 0.008413 0.103365
15 0.466647 0.478365 0.007812 0.081731
15 0.417368 0.131010 0.005409 0.064904
15 0.524639 0.370192 0.008413 0.076923
15 0.519832 0.132212 0.004808 0.057692
15 0.582332 0.616587 0.008413 0.093750
15 0.559195 0.752404 0.012620 0.076923
0 0.149940 0.409856 0.004207 0.016827
