16 0.442308 0.444712 0.007212 0.076923
16 0.528546 0.328125 0.006611 0.069712
16 0.528546 0.599760 0.006611 0.088942
16 0.579026 0.475962 0.007812 0.086538
16 0.624700 0.319712 0.007812 0.081731
16 0.660457 0.426683 0.008413 0.079327
16 0.684195 0.582933 0.007812 0.093750
16 0.586538 0.623798 0.008413 0.088942
16 0.647837 0.646635 0.006010 0.072115
16 0.677885 0.741587 0.009615 0.084135
15 0.447416 0.302885 0.004207 0.076923
15 0.423678 0.449519 0.007212 0.081731
15 0.497897 0.727163 0.009014 0.103365
15 0.500000 0.594952 0.008413 0.079327
15 0.524940 0.480769 0.006611 0.081731
15 0.598558 0.336538 0.006010 0.072115
15 0.581731 0.606971 0.012019 0.074519
15 0.643329 0.563702 0.007812 0.084135
15 0.652043 0.675481 0.010817 0.091346
15 0.681791 0.778846 0.007812 0.091346
