16 0.455228 0.349760 0.006611 0.069712
16 0.515925 0.289663 0.005409 0.074519
16 0.562200 0.418269 0.007812 0.086538
16 0.512921 0.554087 0.009014 0.093750
16 0.590445 0.545673 0.007812 0.086538
16 0.601562 0.302885 0.008413 0.076923
16 0.621695 0.388221 0.007812 0.084135
16 0.635817 0.500000 0.009615 0.072115
16 0.632212 0.615385 0.008413 0.091346
16 0.626502 0.739183 0.009014 0.093750
15 0.457933 0.304087 0.008413 0.074519
15 0.430889 0.391827 0.007212 0.086538
15 0.449820 0.562500 0.007812 0.072115
15 0.524038 0.418269 0.008413 0.076923
15 0.584135 0.326923 0.007212 0.072115
15 0.559796 0.599760 0.009014 0.088942
15 0.517127 0.772837 0.010216 0.103365
15 0.620192 0.490385 0.008413 0.076923
15 0.620493 0.650240 0.010216 0.088942
15 0.669171 0.817308 0.009014 0.096154
0 0.360276 0.048077 0.005409 0.024038
