16 0.450421 0.322115 0.005409 0.076923
16 0.508413 0.270433 0.007212 0.074519
16 0.517127 0.520433 0.009014 0.079327
16 0.564002 0.399038 0.006611 0.081731
16 0.591647 0.287260 0.005409 0.074519
16 0.607272 0.365385 0.007812 0.081731
16 0.588942 0.497596 0.006010 0.086538
16 0.621094 0.471154 0.010216 0.081731
16 0.625300 0.585337 0.012620 0.088942
16 0.618389 0.700721 0.007212 0.103365
15 0.519231 0.811298 0.009615 0.117788
15 0.554688 0.563702 0.008413 0.084135
15 0.521635 0.387019 0.007212 0.076923
15 0.429688 0.367788 0.009615 0.086538
15 0.439603 0.561298 0.007812 0.088942
15 0.463341 0.288462 0.006010 0.072115
15 0.577224 0.305288 0.007812 0.076923
15 0.612380 0.459135 0.006010 0.086538
15 0.629808 0.658654 0.008413 0.105769
15 0.663462 0.848558 0.009615 0.100962
0 0.158654 0.405048 0.004808 0.016827
