15 0.374099 0.277644 0.005409 0.074519
15 0.405349 0.491587 0.006611 0.079327
15 0.448317 0.751202 0.008413 0.098558
15 0.445613 0.182692 0.005409 0.067308
15 0.445913 0.324519 0.004808 0.072115
15 0.523738 0.506010 0.006611 0.079327
15 0.607272 0.657452 0.007812 0.069712
15 0.618389 0.772837 0.009615 0.093750
15 0.564303 0.382212 0.004808 0.076923
15 0.537861 0.198317 0.004808 0.060096
16 0.368389 0.286058 0.004808 0.062500
16 0.420974 0.460337 0.007812 0.079327
16 0.466947 0.301683 0.007212 0.069712
16 0.437500 0.173077 0.006010 0.062500
16 0.563401 0.199519 0.004207 0.062500
16 0.550180 0.431490 0.004207 0.079327
16 0.538762 0.615385 0.007812 0.086538
16 0.586538 0.324519 0.006010 0.076923
16 0.586538 0.324519 0.006010 0.076923
16 0.584736 0.417067 0.006010 0.069712
16 0.600661 0.556490 0.006611 0.084135
