16 0.453425 0.326923 0.007812 0.086538
16 0.512320 0.271635 0.006611 0.076923
16 0.515325 0.525240 0.007812 0.084135
16 0.562800 0.397837 0.007812 0.079327
16 0.593450 0.299279 0.007812 0.074519
16 0.609075 0.365385 0.007812 0.076923
16 0.588341 0.510817 0.008413 0.084135
16 0.624700 0.475962 0.009014 0.081731
16 0.629207 0.597356 0.013221 0.084135
16 0.618389 0.711538 0.008413 0.096154
15 0.430288 0.379808 0.009615 0.081731
15 0.438401 0.556490 0.010216 0.088942
15 0.462139 0.293269 0.007212 0.076923
15 0.522837 0.395433 0.008413 0.074519
15 0.553486 0.570913 0.007212 0.098558
15 0.519832 0.805288 0.007212 0.110577
15 0.577825 0.308894 0.007812 0.069712
15 0.612981 0.465144 0.007212 0.084135
15 0.630409 0.662260 0.009615 0.103365
15 0.665264 0.835337 0.008413 0.103365
0 0.217548 0.257212 0.004808 0.024038
