16 0.411659 0.324519 0.007212 0.072115
16 0.475962 0.209135 0.007212 0.072115
16 0.478365 0.483173 0.008413 0.086538
16 0.551082 0.350962 0.007212 0.076923
16 0.577825 0.241587 0.005409 0.074519
16 0.593450 0.334135 0.007812 0.081731
16 0.572716 0.484375 0.007212 0.084135
16 0.609075 0.563702 0.007812 0.093750
16 0.599760 0.427885 0.007212 0.086538
16 0.583534 0.647837 0.009615 0.093750
15 0.417368 0.322115 0.010216 0.081731
15 0.463341 0.237981 0.006010 0.076923
15 0.443510 0.519231 0.007212 0.081731
15 0.504808 0.382212 0.007212 0.076923
15 0.552284 0.521635 0.007212 0.086538
15 0.506010 0.805288 0.008413 0.110577
15 0.637921 0.813702 0.009014 0.103365
15 0.624700 0.650240 0.010216 0.088942
15 0.558594 0.257212 0.007812 0.072115
15 0.594651 0.400240 0.006611 0.079327
0 0.157452 0.406250 0.003606 0.014423
