16 0.302284 0.245192 0.004808 0.052885
16 0.331731 0.466346 0.006010 0.081731
16 0.349159 0.288462 0.007212 0.067308
16 0.398438 0.147837 0.006010 0.069712
16 0.488582 0.375000 0.009615 0.076923
16 0.477163 0.615385 0.008413 0.091346
16 0.570613 0.526442 0.009014 0.091346
16 0.557993 0.388221 0.009014 0.084135
16 0.553486 0.283654 0.007212 0.076923
16 0.535457 0.153846 0.007212 0.057692
15 0.304087 0.230769 0.006010 0.072115
15 0.353065 0.271635 0.005409 0.062500
15 0.317909 0.481971 0.008413 0.084135
15 0.417668 0.133413 0.006010 0.069712
15 0.387921 0.707933 0.012620 0.103365
15 0.471755 0.485577 0.012019 0.086538
15 0.562200 0.753606 0.011418 0.079327
15 0.584135 0.620192 0.007212 0.096154
15 0.525841 0.372596 0.008413 0.076923
15 0.520433 0.132212 0.006010 0.052885
