16 0.400240 0.319712 0.007212 0.072115
16 0.466046 0.194712 0.007812 0.067308
16 0.467849 0.475962 0.010216 0.086538
16 0.537260 0.337740 0.009615 0.079327
16 0.573918 0.230769 0.006010 0.076923
16 0.590445 0.326923 0.006611 0.072115
16 0.569712 0.472356 0.008413 0.088942
16 0.595252 0.421875 0.006611 0.084135
16 0.573618 0.632212 0.010216 0.091346
16 0.606671 0.563702 0.006611 0.093750
15 0.407452 0.311298 0.008413 0.079327
15 0.460036 0.225962 0.007812 0.072115
15 0.440505 0.512019 0.007212 0.091346
15 0.490084 0.796875 0.007812 0.112981
15 0.495793 0.368990 0.007212 0.079327
15 0.553486 0.242788 0.007212 0.067308
15 0.589243 0.393029 0.007812 0.079327
15 0.548377 0.515625 0.007812 0.088942
15 0.619291 0.646635 0.006611 0.096154
15 0.633714 0.787260 0.011418 0.098558
