16 0.290865 0.241587 0.007212 0.064904
16 0.304688 0.469952 0.009615 0.069712
16 0.324820 0.292067 0.009014 0.074519
16 0.387921 0.147837 0.006611 0.064904
16 0.463341 0.356971 0.008413 0.069712
16 0.457632 0.626202 0.011418 0.093750
16 0.525841 0.152644 0.007212 0.069712
16 0.545373 0.269231 0.007812 0.076923
16 0.545974 0.373798 0.009014 0.084135
16 0.560397 0.521635 0.007812 0.086538
15 0.283353 0.223558 0.007812 0.067308
15 0.329928 0.257212 0.006010 0.062500
15 0.292368 0.473558 0.009014 0.081731
15 0.412260 0.112981 0.004808 0.062500
15 0.365685 0.713942 0.009014 0.105769
15 0.435998 0.472356 0.010216 0.088942
15 0.514423 0.122596 0.004808 0.062500
15 0.515325 0.367788 0.009014 0.076923
15 0.574820 0.606971 0.009014 0.098558
15 0.548077 0.729567 0.013221 0.093750
