16 0.470853 0.205529 0.006611 0.064904
16 0.405950 0.324519 0.007812 0.072115
16 0.474159 0.475962 0.007212 0.076923
16 0.545373 0.349760 0.009014 0.079327
16 0.575421 0.241587 0.007812 0.074519
16 0.592849 0.334135 0.007812 0.076923
16 0.571514 0.475962 0.008413 0.081731
16 0.597356 0.419471 0.008413 0.084135
16 0.607873 0.564904 0.007812 0.091346
16 0.577825 0.645433 0.010216 0.098558
15 0.412861 0.318510 0.007212 0.084135
15 0.461538 0.233173 0.007212 0.072115
15 0.444712 0.515625 0.008413 0.084135
15 0.500300 0.378606 0.007812 0.074519
15 0.499099 0.802885 0.007812 0.105769
15 0.557091 0.252404 0.007212 0.067308
15 0.550180 0.521635 0.006611 0.096154
15 0.622296 0.649038 0.009014 0.096154
15 0.635817 0.802885 0.009615 0.096154
15 0.592849 0.395433 0.007812 0.079327
0 0.157452 0.407452 0.003606 0.016827
