16 0.331731 0.257212 0.006010 0.057692
16 0.374099 0.460337 0.007812 0.079327
16 0.405950 0.288462 0.009014 0.076923
16 0.416466 0.163462 0.007212 0.067308
16 0.511118 0.615385 0.009014 0.091346
16 0.585337 0.531250 0.006010 0.086538
16 0.521034 0.397837 0.007212 0.084135
16 0.574820 0.411058 0.009014 0.081731
16 0.569712 0.304087 0.008413 0.079327
16 0.548978 0.174279 0.007812 0.064904
15 0.338942 0.251202 0.007212 0.074519
15 0.430589 0.162260 0.006611 0.064904
15 0.397536 0.298077 0.009014 0.072115
15 0.362380 0.495192 0.006010 0.081731
15 0.420673 0.711538 0.009615 0.100962
15 0.503906 0.500000 0.006611 0.086538
15 0.526142 0.164663 0.006611 0.064904
15 0.545673 0.379808 0.007212 0.081731
15 0.598257 0.639423 0.006611 0.091346
15 0.589844 0.764423 0.013822 0.096154
