16 0.379207 0.296875 0.007212 0.069712
16 0.437800 0.460337 0.010216 0.074519
16 0.444712 0.179087 0.007212 0.069712
16 0.489784 0.314904 0.007212 0.076923
16 0.547776 0.615385 0.010216 0.086538
16 0.555889 0.441106 0.008413 0.084135
16 0.567909 0.209135 0.007212 0.072115
16 0.590445 0.324519 0.006611 0.086538
16 0.585938 0.413462 0.007212 0.081731
16 0.605469 0.560096 0.007812 0.100962
15 0.450421 0.194712 0.006611 0.067308
15 0.385216 0.287260 0.007212 0.084135
15 0.463341 0.337740 0.008413 0.074519
15 0.417969 0.493990 0.009014 0.084135
15 0.459135 0.769231 0.010817 0.100962
15 0.542368 0.210337 0.005409 0.069712
15 0.531550 0.506010 0.006611 0.084135
15 0.571514 0.385817 0.008413 0.079327
15 0.609075 0.646635 0.007812 0.096154
15 0.624700 0.772837 0.009014 0.103365
0 0.157452 0.407452 0.003606 0.021635
