16 0.294772 0.240385 0.007812 0.057692
16 0.331731 0.295673 0.007212 0.067308
16 0.315204 0.468750 0.010216 0.072115
16 0.391526 0.150240 0.007812 0.060096
16 0.474159 0.362981 0.008413 0.076923
16 0.465445 0.621394 0.009014 0.084135
16 0.529147 0.152644 0.005409 0.069712
16 0.547776 0.272837 0.005409 0.074519
16 0.550481 0.378606 0.007212 0.079327
16 0.563401 0.522837 0.005409 0.088942
15 0.337740 0.262019 0.008413 0.062500
15 0.290264 0.225962 0.007212 0.067308
15 0.301683 0.480769 0.009615 0.086538
15 0.414062 0.123798 0.006010 0.064904
15 0.449219 0.475962 0.007812 0.081731
15 0.516827 0.123798 0.006010 0.055288
15 0.519531 0.368990 0.007812 0.074519
15 0.373197 0.712740 0.009615 0.098558
15 0.578125 0.611779 0.010817 0.093750
15 0.553185 0.740385 0.011418 0.072115
