16 0.454627 0.328125 0.006611 0.069712
16 0.513522 0.275240 0.006611 0.074519
16 0.515325 0.534856 0.007812 0.088942
16 0.562800 0.400240 0.007812 0.074519
16 0.594651 0.298077 0.007812 0.076923
16 0.610877 0.371394 0.006611 0.079327
16 0.589844 0.513221 0.007812 0.084135
16 0.627103 0.475962 0.007812 0.081731
16 0.629507 0.600962 0.011418 0.086538
16 0.617788 0.725962 0.007212 0.100962
15 0.461538 0.296875 0.007212 0.074519
15 0.431190 0.377404 0.009014 0.081731
15 0.439303 0.558894 0.008413 0.093750
15 0.523137 0.401442 0.007812 0.076923
15 0.519531 0.804087 0.007812 0.112981
15 0.553786 0.576923 0.007812 0.096154
15 0.578726 0.316106 0.007212 0.069712
15 0.615084 0.471154 0.006611 0.081731
15 0.629207 0.657452 0.008413 0.098558
15 0.666466 0.831731 0.009615 0.105769
