16 0.312200 0.253606 0.005409 0.060096
16 0.349159 0.467548 0.012019 0.084135
16 0.370493 0.287260 0.006611 0.064904
16 0.405349 0.156250 0.006611 0.072115
16 0.494291 0.615385 0.011418 0.100962
16 0.503005 0.378606 0.007212 0.084135
16 0.541767 0.161058 0.005409 0.067308
16 0.560397 0.287260 0.007812 0.074519
16 0.566106 0.401442 0.007212 0.086538
16 0.576623 0.532452 0.010216 0.084135
15 0.370793 0.271635 0.004808 0.062500
15 0.317308 0.237981 0.004808 0.067308
15 0.335938 0.487981 0.008413 0.081731
15 0.422175 0.147837 0.006611 0.069712
15 0.399639 0.695913 0.009615 0.108173
15 0.486478 0.490385 0.007812 0.086538
15 0.522236 0.143029 0.007212 0.060096
15 0.534555 0.372596 0.006611 0.086538
15 0.588942 0.629808 0.010817 0.091346
15 0.572115 0.751202 0.009615 0.103365
