16 0.407151 0.324519 0.006611 0.072115
16 0.472957 0.207933 0.007212 0.069712
16 0.576022 0.240385 0.006611 0.076923
16 0.592849 0.335337 0.006611 0.074519
16 0.598558 0.424279 0.007212 0.079327
16 0.546575 0.349760 0.009014 0.079327
16 0.475962 0.475962 0.006010 0.076923
16 0.572115 0.480769 0.008413 0.086538
16 0.607873 0.561298 0.007812 0.084135
16 0.579627 0.647837 0.007812 0.093750
15 0.413462 0.322115 0.007212 0.081731
15 0.462139 0.231971 0.007212 0.069712
15 0.444111 0.520433 0.009615 0.088942
15 0.501502 0.376202 0.006611 0.079327
15 0.501803 0.806490 0.012019 0.108173
15 0.551683 0.521635 0.007212 0.096154
15 0.555889 0.253606 0.006010 0.069712
15 0.593450 0.396635 0.006611 0.081731
15 0.622897 0.650240 0.007812 0.098558
15 0.636719 0.802885 0.010216 0.096154
0 0.157752 0.408654 0.005409 0.019231
