16 0.324820 0.257212 0.006611 0.062500
16 0.365385 0.466346 0.007212 0.086538
16 0.391526 0.288462 0.007812 0.072115
16 0.412861 0.161058 0.007212 0.062500
16 0.505409 0.616587 0.007212 0.093750
16 0.580228 0.533654 0.009014 0.091346
16 0.514724 0.395433 0.009014 0.079327
16 0.570913 0.407452 0.008413 0.084135
16 0.567308 0.298077 0.006010 0.076923
16 0.546575 0.174279 0.006611 0.064904
15 0.427885 0.159856 0.006010 0.069712
15 0.330228 0.247596 0.005409 0.072115
15 0.388522 0.288462 0.007812 0.072115
15 0.352764 0.491587 0.007212 0.079327
15 0.413462 0.703125 0.012019 0.103365
15 0.498498 0.496394 0.009014 0.084135
15 0.541466 0.378606 0.009615 0.079327
15 0.524038 0.156250 0.006010 0.072115
15 0.594651 0.639423 0.009014 0.100962
15 0.582031 0.758413 0.012620 0.103365
0 0.150240 0.409856 0.003606 0.021635
