16 0.431490 0.319712 0.006010 0.067308
16 0.493990 0.237981 0.006010 0.072115
16 0.504808 0.495192 0.008413 0.076923
16 0.563401 0.378606 0.006611 0.084135
16 0.585938 0.266827 0.006010 0.076923
16 0.600361 0.349760 0.006010 0.079327
16 0.609075 0.443510 0.007812 0.084135
16 0.586538 0.487981 0.008413 0.086538
16 0.616587 0.569712 0.009615 0.091346
16 0.601562 0.669471 0.008413 0.098558
15 0.425180 0.344952 0.006611 0.084135
15 0.469050 0.264423 0.006611 0.072115
15 0.440805 0.554087 0.007812 0.088942
15 0.518329 0.393029 0.007812 0.079327
15 0.570312 0.284856 0.006010 0.069712
15 0.518630 0.826923 0.009615 0.096154
15 0.555288 0.552885 0.007212 0.096154
15 0.599459 0.430288 0.006611 0.081731
15 0.634014 0.656250 0.008413 0.096154
15 0.652344 0.862981 0.010216 0.105769
