16 0.396635 0.311298 0.006010 0.069712
16 0.461538 0.472356 0.008413 0.084135
16 0.460938 0.195913 0.007212 0.069712
16 0.527945 0.335337 0.007812 0.074519
16 0.573317 0.227163 0.007212 0.074519
16 0.587740 0.330529 0.007212 0.079327
16 0.593450 0.415865 0.006611 0.091346
16 0.567308 0.462740 0.009615 0.084135
16 0.567909 0.632212 0.010817 0.091346
16 0.605469 0.561298 0.006611 0.088942
15 0.402945 0.307692 0.005409 0.081731
15 0.458534 0.216346 0.007212 0.072115
15 0.490685 0.361779 0.007812 0.079327
15 0.435397 0.506010 0.006611 0.088942
15 0.484375 0.795673 0.010817 0.110577
15 0.544772 0.516827 0.009014 0.086538
15 0.551683 0.236779 0.006010 0.069712
15 0.586238 0.387019 0.007812 0.081731
15 0.617488 0.649038 0.009014 0.096154
15 0.631611 0.783654 0.007212 0.110577
