16 0.299880 0.242788 0.004808 0.057692
16 0.342248 0.290865 0.007812 0.072115
16 0.326623 0.471154 0.010216 0.076923
16 0.396635 0.149038 0.007212 0.062500
16 0.484075 0.366587 0.007812 0.079327
16 0.472957 0.616587 0.010817 0.098558
16 0.532752 0.155048 0.006611 0.069712
16 0.552284 0.284856 0.008413 0.079327
16 0.555889 0.383413 0.008413 0.084135
16 0.567308 0.524038 0.008413 0.091346
15 0.348558 0.269231 0.006010 0.062500
15 0.297175 0.225962 0.005409 0.067308
15 0.312200 0.483173 0.009014 0.086538
15 0.415865 0.129808 0.006010 0.067308
15 0.463341 0.481971 0.007212 0.088942
15 0.523438 0.371394 0.007212 0.084135
15 0.519231 0.132212 0.006010 0.057692
15 0.581130 0.616587 0.009615 0.093750
15 0.558293 0.746394 0.012019 0.079327
15 0.382212 0.710337 0.008413 0.108173
0 0.150240 0.409856 0.004808 0.021635
