16 0.503305 0.256010 0.007812 0.064904
16 0.443510 0.320913 0.007212 0.079327
16 0.514724 0.506010 0.009014 0.088942
16 0.565505 0.394231 0.006010 0.081731
16 0.588341 0.278846 0.007212 0.072115
16 0.604567 0.350962 0.006010 0.081731
16 0.613582 0.457933 0.008413 0.084135
16 0.589844 0.489183 0.006611 0.088942
16 0.622897 0.575721 0.007812 0.098558
16 0.610276 0.683894 0.009014 0.093750
15 0.425481 0.356971 0.007212 0.084135
15 0.466947 0.277644 0.007212 0.074519
15 0.443209 0.560096 0.007812 0.091346
15 0.521635 0.388221 0.006010 0.079327
15 0.557091 0.557692 0.007212 0.091346
15 0.518930 0.826923 0.010216 0.096154
15 0.573618 0.296875 0.005409 0.074519
15 0.605769 0.448317 0.007212 0.079327
15 0.630108 0.652644 0.007812 0.093750
15 0.658654 0.858173 0.010817 0.096154
