16 0.425481 0.537260 0.007212 0.093750
16 0.532752 0.350962 0.006611 0.081731
16 0.542067 0.639423 0.008413 0.086538
16 0.584135 0.515625 0.007212 0.093750
16 0.588942 0.687500 0.006010 0.110577
16 0.630409 0.319712 0.008413 0.072115
16 0.677885 0.429087 0.009615 0.108173
16 0.665264 0.644231 0.006010 0.091346
16 0.702825 0.599760 0.010216 0.093750
16 0.692909 0.763221 0.010817 0.103365
15 0.414062 0.521635 0.008413 0.096154
15 0.446514 0.299279 0.007212 0.084135
15 0.523438 0.513221 0.009615 0.084135
15 0.502704 0.644231 0.009014 0.096154
15 0.478966 0.772837 0.008413 0.093750
15 0.604567 0.343750 0.006010 0.076923
15 0.604267 0.620192 0.011418 0.105769
15 0.652945 0.584135 0.006611 0.096154
15 0.661058 0.664663 0.007212 0.103365
15 0.664663 0.778846 0.007212 0.100962
