16 0.600361 0.554087 0.007212 0.088942
16 0.536959 0.616587 0.009014 0.084135
16 0.547476 0.431490 0.007212 0.074519
16 0.584736 0.413462 0.007212 0.081731
16 0.585337 0.324519 0.004808 0.076923
16 0.561899 0.199519 0.006010 0.067308
16 0.463341 0.301683 0.004808 0.069712
16 0.435697 0.169471 0.006010 0.064904
16 0.417969 0.457933 0.006611 0.074519
16 0.365685 0.283654 0.006611 0.057692
15 0.403245 0.491587 0.007212 0.079327
15 0.446815 0.745192 0.006611 0.096154
15 0.372596 0.271635 0.007212 0.076923
15 0.443810 0.188702 0.005409 0.069712
15 0.441707 0.323317 0.006010 0.069712
15 0.523137 0.504808 0.007812 0.081731
15 0.561599 0.385817 0.006611 0.074519
15 0.606971 0.658654 0.009615 0.057692
15 0.617188 0.770433 0.008413 0.093750
15 0.536959 0.195913 0.005409 0.060096
