16 0.445913 0.420673 0.006010 0.072115
16 0.525841 0.319712 0.006010 0.081731
16 0.523438 0.590144 0.008413 0.084135
16 0.571514 0.461538 0.007212 0.081731
16 0.619591 0.318510 0.008413 0.074519
16 0.647837 0.418269 0.008413 0.076923
16 0.670373 0.573317 0.007812 0.084135
16 0.586538 0.616587 0.008413 0.108173
16 0.665865 0.740385 0.012019 0.091346
15 0.448317 0.300481 0.006010 0.072115
15 0.425481 0.426683 0.007212 0.084135
15 0.485877 0.587740 0.009014 0.084135
15 0.522236 0.466346 0.007212 0.081731
15 0.503606 0.740385 0.009615 0.105769
15 0.579026 0.625000 0.009014 0.105769
15 0.594952 0.336538 0.006010 0.072115
15 0.636719 0.546875 0.007812 0.088942
15 0.641526 0.665865 0.010216 0.091346
15 0.682993 0.795673 0.009014 0.096154
