16 0.454026 0.332933 0.006611 0.074519
16 0.514123 0.278846 0.007812 0.072115
16 0.515325 0.537260 0.007812 0.084135
16 0.562200 0.403846 0.007812 0.086538
16 0.595853 0.302885 0.006611 0.076923
16 0.587740 0.520433 0.007212 0.079327
16 0.611478 0.379808 0.007812 0.081731
16 0.627103 0.479567 0.007812 0.084135
16 0.628906 0.599760 0.012620 0.088942
16 0.617188 0.725962 0.007212 0.105769
15 0.430889 0.381010 0.007212 0.079327
15 0.438401 0.555288 0.007812 0.091346
15 0.460938 0.298077 0.008413 0.086538
15 0.524038 0.397837 0.007212 0.079327
15 0.579026 0.317308 0.006611 0.076923
15 0.553486 0.575721 0.007212 0.088942
15 0.519832 0.794471 0.012019 0.103365
15 0.615385 0.474760 0.008413 0.084135
15 0.626502 0.652644 0.007812 0.108173
15 0.666466 0.830529 0.008413 0.098558
0 0.257812 0.167067 0.003606 0.021635
