16 0.264123 0.260817 0.006611 0.069712
16 0.224760 0.495192 0.007212 0.076923
16 0.289663 0.322115 0.006010 0.072115
16 0.360877 0.151442 0.006611 0.067308
16 0.420673 0.343750 0.007212 0.086538
16 0.413161 0.627404 0.007812 0.100962
16 0.496695 0.131010 0.006611 0.060096
16 0.530950 0.236779 0.006611 0.079327
16 0.524639 0.387019 0.007212 0.086538
16 0.536058 0.507212 0.007212 0.091346
15 0.548377 0.557692 0.009014 0.100962
15 0.494291 0.661058 0.012620 0.096154
15 0.483474 0.382212 0.006611 0.081731
15 0.489784 0.112981 0.006010 0.057692
15 0.394832 0.070913 0.006010 0.060096
15 0.338942 0.433894 0.008413 0.088942
15 0.298978 0.731971 0.010216 0.108173
15 0.206430 0.487981 0.007812 0.076923
15 0.231070 0.204327 0.006611 0.067308
15 0.289663 0.272837 0.004808 0.060096
