16 0.468450 0.201923 0.007812 0.072115
16 0.402344 0.319712 0.007812 0.076923
16 0.469050 0.475962 0.007812 0.081731
16 0.539062 0.347356 0.008413 0.074519
16 0.574820 0.234375 0.007812 0.069712
16 0.591046 0.326923 0.006611 0.072115
16 0.595853 0.419471 0.007812 0.084135
16 0.569712 0.475962 0.008413 0.086538
16 0.574219 0.632212 0.009014 0.091346
16 0.607272 0.560096 0.005409 0.086538
15 0.410457 0.311298 0.008413 0.084135
15 0.443510 0.507212 0.009615 0.086538
15 0.460337 0.224760 0.007212 0.074519
15 0.497897 0.367788 0.005409 0.076923
15 0.493990 0.801683 0.009615 0.108173
15 0.548377 0.518029 0.009014 0.088942
15 0.554688 0.247596 0.007212 0.072115
15 0.590445 0.387019 0.007812 0.076923
15 0.621094 0.646635 0.006611 0.100962
15 0.635517 0.789663 0.010216 0.103365
0 0.157151 0.405048 0.004207 0.016827
