16 0.448618 0.319712 0.006611 0.076923
16 0.507212 0.256010 0.006010 0.069712
16 0.563401 0.397837 0.006611 0.079327
16 0.517728 0.519231 0.007812 0.086538
16 0.590445 0.287260 0.006611 0.074519
16 0.606671 0.359375 0.006611 0.084135
16 0.591046 0.496394 0.007812 0.084135
16 0.618389 0.465144 0.007212 0.084135
16 0.624700 0.584135 0.010216 0.091346
16 0.615986 0.694712 0.008413 0.091346
15 0.427284 0.362981 0.008413 0.081731
15 0.463942 0.286058 0.007212 0.072115
15 0.441106 0.561298 0.008413 0.088942
15 0.518630 0.817308 0.010817 0.110577
15 0.521635 0.387019 0.007212 0.086538
15 0.557091 0.561298 0.007212 0.088942
15 0.575421 0.304087 0.007812 0.069712
15 0.609075 0.454327 0.009014 0.086538
15 0.629808 0.652644 0.008413 0.093750
15 0.662861 0.849760 0.009615 0.098558
0 0.157151 0.406250 0.003005 0.014423
