16 0.413462 0.322115 0.007212 0.072115
16 0.477764 0.209135 0.006010 0.067308
16 0.484075 0.486779 0.009014 0.079327
16 0.554087 0.353365 0.007212 0.076923
16 0.577825 0.246394 0.006611 0.069712
16 0.593450 0.338942 0.006611 0.072115
16 0.577224 0.480769 0.007812 0.086538
16 0.600962 0.426683 0.007212 0.084135
16 0.610276 0.564904 0.006611 0.091346
16 0.584736 0.647837 0.008413 0.093750
15 0.419171 0.324519 0.007812 0.086538
15 0.463942 0.241587 0.008413 0.079327
15 0.442909 0.528846 0.008413 0.086538
15 0.507812 0.384615 0.008413 0.081731
15 0.560998 0.262019 0.006611 0.076923
15 0.510517 0.816106 0.012620 0.108173
15 0.551683 0.530048 0.007212 0.088942
15 0.595252 0.407452 0.007812 0.079327
15 0.626502 0.653846 0.010216 0.100962
15 0.640325 0.819712 0.011418 0.110577
0 0.157452 0.407452 0.003606 0.016827
