16 0.319111 0.302885 0.007212 0.057692
16 0.287861 0.240385 0.007212 0.057692
16 0.297175 0.465144 0.006611 0.079327
16 0.384615 0.146635 0.006010 0.062500
16 0.457332 0.350962 0.007212 0.081731
16 0.452825 0.627404 0.009014 0.091346
16 0.521635 0.147837 0.004808 0.064904
16 0.542969 0.263221 0.007812 0.069712
16 0.542668 0.368990 0.006010 0.079327
16 0.556490 0.522837 0.007212 0.088942
15 0.277644 0.221154 0.006010 0.072115
15 0.323017 0.263221 0.005409 0.069712
15 0.283654 0.472356 0.009615 0.084135
15 0.411959 0.108173 0.006611 0.062500
15 0.359976 0.718750 0.014423 0.096154
15 0.424279 0.467548 0.009615 0.088942
15 0.510517 0.366587 0.009014 0.079327
15 0.513522 0.120192 0.007812 0.062500
15 0.570012 0.602163 0.011418 0.093750
15 0.543269 0.722356 0.010817 0.103365
