16 0.405950 0.324519 0.007812 0.072115
16 0.473558 0.477163 0.008413 0.079327
16 0.470853 0.204327 0.006611 0.072115
16 0.544772 0.348558 0.009014 0.076923
16 0.575421 0.239183 0.007812 0.069712
16 0.571514 0.477163 0.007212 0.088942
16 0.591647 0.334135 0.006611 0.072115
16 0.597957 0.425481 0.008413 0.081731
16 0.607873 0.563702 0.007812 0.093750
16 0.577825 0.643029 0.007812 0.098558
15 0.412260 0.319712 0.007212 0.081731
15 0.461538 0.233173 0.006010 0.072115
15 0.444111 0.512019 0.007212 0.091346
15 0.500300 0.378606 0.007812 0.079327
15 0.498197 0.805288 0.007212 0.105769
15 0.550481 0.519231 0.006010 0.091346
15 0.592849 0.394231 0.007812 0.076923
15 0.557091 0.253606 0.007212 0.069712
15 0.621695 0.653846 0.011418 0.096154
15 0.636118 0.796875 0.009014 0.098558
