15 0.312200 0.259615 0.007812 0.072115
15 0.267127 0.215144 0.007812 0.069712
15 0.267127 0.472356 0.011418 0.084135
15 0.409856 0.099760 0.007212 0.060096
15 0.402043 0.461538 0.009615 0.086538
15 0.345252 0.723558 0.007812 0.105769
15 0.504808 0.367788 0.009615 0.081731
15 0.531550 0.711538 0.009014 0.105769
15 0.563401 0.596154 0.010216 0.091346
15 0.508413 0.112981 0.006010 0.067308
16 0.549880 0.514423 0.012019 0.086538
16 0.537861 0.367788 0.008413 0.091346
16 0.444111 0.629808 0.010817 0.091346
16 0.444111 0.350962 0.007212 0.081731
16 0.537861 0.256010 0.007212 0.074519
16 0.516526 0.143029 0.006611 0.064904
16 0.378606 0.144231 0.006010 0.067308
16 0.312200 0.304087 0.007812 0.074519
16 0.280950 0.475962 0.010216 0.072115
16 0.280950 0.240385 0.006611 0.062500
0 0.149940 0.409856 0.004207 0.016827
