16 0.360276 0.281250 0.006611 0.062500
16 0.411058 0.459135 0.007212 0.081731
16 0.452825 0.300481 0.007812 0.076923
16 0.432993 0.164663 0.006611 0.064904
16 0.544772 0.429087 0.007812 0.084135
16 0.531550 0.615385 0.009014 0.091346
16 0.597957 0.550481 0.008413 0.091346
16 0.585337 0.412260 0.006010 0.088942
16 0.583534 0.319712 0.007212 0.081731
16 0.560397 0.193510 0.006611 0.069712
15 0.441707 0.180288 0.006010 0.072115
15 0.366587 0.268029 0.007212 0.074519
15 0.396635 0.492788 0.009615 0.086538
15 0.434796 0.319712 0.007812 0.072115
15 0.535457 0.192308 0.007212 0.067308
15 0.519832 0.504808 0.007212 0.086538
15 0.443510 0.741587 0.010817 0.103365
15 0.559796 0.381010 0.006611 0.079327
15 0.607272 0.655048 0.010216 0.074519
15 0.612079 0.769231 0.010216 0.096154
0 0.155649 0.408654 0.003606 0.019231
