16 0.415865 0.162260 0.004808 0.060096
16 0.330829 0.260817 0.005409 0.060096
16 0.372596 0.466346 0.008413 0.072115
16 0.519531 0.399038 0.005409 0.076923
16 0.402644 0.292067 0.007212 0.069712
16 0.509615 0.616587 0.009615 0.084135
16 0.548678 0.173077 0.004808 0.062500
16 0.570012 0.299279 0.005409 0.074519
16 0.570012 0.296875 0.005409 0.074519
16 0.573618 0.412260 0.006611 0.079327
16 0.583834 0.532452 0.005409 0.084135
15 0.337440 0.250000 0.006611 0.072115
15 0.360577 0.493990 0.006010 0.074519
15 0.396034 0.292067 0.006010 0.064904
15 0.430288 0.161058 0.004808 0.057692
15 0.419471 0.709135 0.006010 0.096154
15 0.502404 0.500000 0.004808 0.086538
15 0.544772 0.379808 0.004207 0.072115
15 0.526442 0.161058 0.004808 0.057692
15 0.598257 0.640625 0.006611 0.084135
15 0.588942 0.763221 0.010817 0.093750
