16 0.454627 0.334135 0.006611 0.062500
16 0.515325 0.286058 0.006611 0.076923
16 0.514724 0.545673 0.007812 0.086538
16 0.597957 0.302885 0.007212 0.076923
16 0.562200 0.411058 0.006611 0.076923
16 0.615986 0.382212 0.008413 0.076923
16 0.587139 0.528846 0.007212 0.072115
16 0.631010 0.487981 0.010817 0.076923
16 0.631611 0.611779 0.012019 0.093750
16 0.617188 0.741587 0.012019 0.093750
15 0.430889 0.387019 0.006010 0.086538
15 0.459736 0.304087 0.006010 0.079327
15 0.440505 0.560096 0.009615 0.086538
15 0.524639 0.412260 0.007212 0.079327
15 0.555288 0.584135 0.007212 0.091346
15 0.519832 0.788462 0.009615 0.110577
15 0.581731 0.319712 0.007212 0.072115
15 0.617188 0.477163 0.007212 0.079327
15 0.623498 0.655048 0.010216 0.098558
15 0.667368 0.820913 0.009014 0.093750
0 0.298377 0.097356 0.005409 0.021635
