16 0.448317 0.409856 0.006010 0.079327
16 0.524639 0.317308 0.006010 0.076923
16 0.522236 0.587740 0.007212 0.088942
16 0.569111 0.456731 0.007212 0.086538
16 0.617788 0.318510 0.007212 0.079327
16 0.643630 0.413462 0.013221 0.091346
16 0.587139 0.620192 0.007212 0.096154
16 0.665865 0.554087 0.008413 0.088942
16 0.663462 0.741587 0.012019 0.098558
16 0.639724 0.647837 0.011418 0.088942
15 0.426082 0.420673 0.007212 0.086538
15 0.448918 0.304087 0.008413 0.084135
15 0.520733 0.459135 0.009014 0.076923
15 0.481370 0.590144 0.008413 0.088942
15 0.505709 0.742788 0.012620 0.110577
15 0.577825 0.638221 0.010216 0.088942
15 0.592849 0.336538 0.007812 0.076923
15 0.636118 0.540865 0.007812 0.091346
15 0.638822 0.664663 0.008413 0.098558
15 0.682091 0.802885 0.010817 0.105769
