15 0.268930 0.219952 0.006611 0.074519
15 0.270433 0.471154 0.010817 0.086538
15 0.314303 0.262019 0.006010 0.072115
15 0.409555 0.099760 0.005409 0.064904
15 0.405048 0.457933 0.008413 0.079327
15 0.348558 0.722356 0.009615 0.108173
15 0.509916 0.117788 0.005409 0.067308
15 0.505709 0.370192 0.007812 0.081731
15 0.564603 0.597356 0.010216 0.098558
15 0.533654 0.715144 0.007212 0.103365
16 0.538462 0.257212 0.007212 0.076923
16 0.539062 0.373798 0.007212 0.079327
16 0.550781 0.516827 0.009014 0.086538
16 0.517428 0.149038 0.007212 0.067308
16 0.445613 0.349760 0.006611 0.084135
16 0.444411 0.628606 0.011418 0.093750
16 0.379507 0.146635 0.006611 0.067308
16 0.283053 0.236779 0.007212 0.069712
16 0.284255 0.469952 0.006010 0.079327
