16 0.267428 0.247596 0.006010 0.062500
16 0.234675 0.496394 0.006611 0.074519
16 0.292368 0.316106 0.005409 0.069712
16 0.365084 0.149038 0.006611 0.067308
16 0.421575 0.352163 0.007812 0.079327
16 0.416767 0.628606 0.010216 0.088942
16 0.531250 0.237981 0.007212 0.076923
16 0.525541 0.384615 0.007812 0.076923
16 0.536959 0.510817 0.006611 0.088942
16 0.501803 0.134615 0.006010 0.062500
15 0.549279 0.564904 0.007212 0.096154
15 0.487981 0.381010 0.007212 0.084135
15 0.503005 0.671875 0.010817 0.093750
15 0.495192 0.110577 0.004808 0.062500
15 0.398438 0.074519 0.006010 0.057692
15 0.345252 0.442308 0.009014 0.076923
15 0.309195 0.731971 0.010216 0.098558
15 0.219952 0.479567 0.007212 0.069712
15 0.238281 0.200721 0.006611 0.064904
15 0.293570 0.274038 0.005409 0.062500
