16 0.469651 0.204327 0.007812 0.072115
16 0.472356 0.477163 0.008413 0.079327
16 0.404748 0.319712 0.005409 0.072115
16 0.542969 0.346154 0.006611 0.081731
16 0.575421 0.239183 0.006611 0.074519
16 0.591647 0.332933 0.006611 0.074519
16 0.597356 0.423077 0.007212 0.086538
16 0.571514 0.475962 0.007212 0.091346
16 0.607873 0.563702 0.006611 0.093750
16 0.576623 0.638221 0.006611 0.088942
15 0.410457 0.314904 0.007212 0.086538
15 0.460938 0.228365 0.006010 0.067308
15 0.443810 0.510817 0.007812 0.088942
15 0.500601 0.377404 0.007212 0.081731
15 0.495793 0.806490 0.010817 0.103365
15 0.549880 0.518029 0.007212 0.084135
15 0.621394 0.647837 0.007212 0.093750
15 0.636118 0.798077 0.009014 0.105769
15 0.556190 0.248798 0.007812 0.064904
15 0.591346 0.390625 0.008413 0.074519
