16 0.432993 0.319712 0.005409 0.072115
16 0.493990 0.239183 0.006010 0.069712
16 0.505409 0.496394 0.008413 0.079327
16 0.587139 0.484375 0.007212 0.084135
16 0.601562 0.350962 0.007212 0.081731
16 0.564603 0.382212 0.006611 0.081731
16 0.586538 0.270433 0.006010 0.074519
16 0.609075 0.445913 0.006611 0.084135
16 0.616587 0.568510 0.008413 0.093750
16 0.602764 0.669471 0.007212 0.088942
15 0.425781 0.347356 0.006611 0.088942
15 0.440805 0.555288 0.007812 0.096154
15 0.468750 0.264423 0.006010 0.076923
15 0.518329 0.394231 0.007812 0.076923
15 0.569712 0.284856 0.007212 0.064904
15 0.554988 0.554087 0.006611 0.093750
16 0.599459 0.435096 0.007812 0.081731
15 0.519531 0.828125 0.011418 0.103365
15 0.634315 0.655048 0.009014 0.098558
15 0.652344 0.862981 0.010216 0.100962
