16 0.455228 0.355769 0.007812 0.072115
16 0.518329 0.301683 0.007812 0.079327
16 0.512921 0.566106 0.007812 0.084135
16 0.563401 0.424279 0.007812 0.079327
16 0.591046 0.567308 0.009014 0.086538
16 0.606070 0.317308 0.009014 0.076923
16 0.625300 0.394231 0.005409 0.081731
16 0.642428 0.507212 0.012019 0.086538
16 0.629808 0.629808 0.007212 0.096154
16 0.635517 0.740385 0.012620 0.100962
15 0.429988 0.400240 0.009014 0.084135
15 0.454928 0.304087 0.007212 0.074519
15 0.456731 0.567308 0.006010 0.072115
15 0.524038 0.426683 0.008413 0.079327
15 0.515625 0.765625 0.010817 0.103365
15 0.563101 0.617788 0.008413 0.096154
15 0.585938 0.328125 0.006010 0.064904
15 0.622596 0.502404 0.009615 0.072115
15 0.620793 0.653846 0.012019 0.086538
15 0.670673 0.819712 0.010817 0.100962
