16 0.304087 0.306490 0.008413 0.079327
16 0.276142 0.240385 0.006611 0.067308
16 0.262620 0.483173 0.009615 0.081731
16 0.373798 0.145433 0.007212 0.069712
16 0.432091 0.354567 0.010817 0.084135
16 0.433894 0.627404 0.008413 0.100962
16 0.512320 0.140625 0.007812 0.069712
16 0.533353 0.250000 0.007812 0.076923
16 0.533654 0.373798 0.008413 0.084135
16 0.543570 0.510817 0.009014 0.093750
15 0.557692 0.588942 0.008413 0.100962
15 0.522236 0.698317 0.012019 0.103365
15 0.498798 0.371394 0.007212 0.079327
15 0.505108 0.112981 0.006611 0.062500
15 0.406250 0.085337 0.006010 0.064904
15 0.379507 0.453125 0.009014 0.084135
15 0.333534 0.729567 0.014423 0.108173
15 0.303786 0.263221 0.005409 0.064904
15 0.250601 0.471154 0.009615 0.086538
15 0.256611 0.212740 0.007212 0.079327
