16 0.353365 0.277644 0.008413 0.069712
16 0.401442 0.459135 0.007212 0.076923
16 0.442308 0.300481 0.006010 0.072115
16 0.427885 0.165865 0.006010 0.067308
16 0.526442 0.614183 0.007212 0.088942
16 0.539663 0.427885 0.009615 0.086538
16 0.581731 0.413462 0.007212 0.086538
16 0.594651 0.543269 0.007812 0.086538
16 0.579627 0.317308 0.007812 0.081731
16 0.557091 0.186298 0.006010 0.069712
15 0.361178 0.262019 0.008413 0.076923
15 0.438702 0.177885 0.006010 0.067308
15 0.389724 0.493990 0.009014 0.088942
15 0.426082 0.310096 0.008413 0.076923
15 0.436899 0.740385 0.012019 0.105769
15 0.516827 0.504808 0.009615 0.091346
15 0.533053 0.186298 0.006010 0.064904
15 0.556490 0.378606 0.009615 0.079327
15 0.606070 0.646635 0.010216 0.096154
15 0.607272 0.771635 0.011418 0.100962
