16 0.374099 0.287260 0.007812 0.069712
16 0.429688 0.459135 0.009615 0.076923
16 0.476562 0.304087 0.008413 0.074519
16 0.441707 0.169471 0.006010 0.069712
16 0.542668 0.615385 0.012019 0.091346
16 0.553486 0.439904 0.008413 0.081731
16 0.564603 0.203125 0.006611 0.069712
16 0.587139 0.325721 0.008413 0.084135
16 0.585938 0.413462 0.007212 0.081731
16 0.602764 0.556490 0.007212 0.093750
15 0.379207 0.280048 0.006010 0.074519
15 0.447115 0.191106 0.007212 0.069712
15 0.454026 0.331731 0.007812 0.076923
15 0.411058 0.491587 0.009615 0.084135
15 0.452825 0.758413 0.007812 0.103365
15 0.527945 0.506010 0.007812 0.084135
15 0.539663 0.205529 0.007212 0.064904
15 0.566707 0.384615 0.009615 0.076923
15 0.607873 0.647837 0.007812 0.088942
15 0.622296 0.771635 0.007812 0.100962
0 0.156550 0.405048 0.003005 0.016827
