16 0.299579 0.465144 0.006611 0.079327
16 0.320913 0.302885 0.007212 0.057692
16 0.288462 0.234375 0.006010 0.055288
16 0.385817 0.146635 0.007212 0.062500
16 0.459435 0.353365 0.006611 0.076923
16 0.454627 0.623798 0.007812 0.088942
16 0.557091 0.521635 0.007212 0.086538
16 0.544171 0.371394 0.006611 0.079327
16 0.543570 0.265625 0.009014 0.069712
16 0.522837 0.146635 0.006010 0.067308
15 0.279447 0.224760 0.004808 0.064904
15 0.286058 0.475962 0.010817 0.081731
15 0.361478 0.717548 0.013822 0.098558
15 0.411659 0.111779 0.004808 0.055288
15 0.324820 0.262019 0.007812 0.062500
15 0.427584 0.468750 0.007812 0.081731
15 0.513822 0.122596 0.006010 0.062500
15 0.512620 0.368990 0.007212 0.079327
15 0.570613 0.602163 0.010216 0.093750
15 0.544772 0.721154 0.012620 0.096154
