16 0.449820 0.322115 0.007812 0.076923
16 0.508413 0.271635 0.007212 0.072115
16 0.517127 0.520433 0.006611 0.084135
16 0.564002 0.397837 0.006611 0.074519
16 0.591647 0.288462 0.006611 0.072115
16 0.607272 0.362981 0.006611 0.081731
16 0.590445 0.500000 0.006611 0.086538
16 0.617788 0.693510 0.007212 0.098558
16 0.620493 0.471154 0.010216 0.081731
16 0.624700 0.590144 0.012620 0.084135
15 0.429087 0.366587 0.010817 0.084135
15 0.439603 0.560096 0.009014 0.086538
15 0.464243 0.287260 0.006611 0.074519
15 0.518329 0.816106 0.007812 0.112981
15 0.521635 0.385817 0.007212 0.079327
15 0.555889 0.564904 0.008413 0.091346
15 0.576623 0.305288 0.007812 0.072115
15 0.611478 0.457933 0.007812 0.084135
15 0.629808 0.657452 0.009615 0.103365
15 0.664062 0.849760 0.008413 0.103365
0 0.157452 0.407452 0.004808 0.021635
