16 0.345853 0.264423 0.005409 0.072115
16 0.391226 0.460337 0.009615 0.084135
16 0.427284 0.288462 0.009615 0.076923
16 0.423978 0.164663 0.006611 0.064904
16 0.521635 0.616587 0.008413 0.093750
16 0.531550 0.413462 0.010216 0.081731
16 0.554087 0.185096 0.007212 0.072115
16 0.576623 0.311298 0.007812 0.079327
16 0.579627 0.413462 0.009014 0.086538
16 0.591046 0.537260 0.007812 0.088942
15 0.352764 0.256010 0.006010 0.074519
15 0.435397 0.170673 0.007812 0.072115
15 0.414964 0.304087 0.007812 0.064904
15 0.379207 0.491587 0.007212 0.084135
15 0.530349 0.179087 0.007812 0.064904
15 0.511418 0.503606 0.009615 0.088942
15 0.431791 0.724760 0.012620 0.103365
15 0.551683 0.382212 0.008413 0.076923
15 0.603966 0.643029 0.007212 0.103365
15 0.600361 0.762019 0.008413 0.100962
