16 0.441707 0.318510 0.004808 0.074519
16 0.503606 0.254808 0.006010 0.072115
16 0.514123 0.506010 0.007812 0.084135
16 0.566106 0.391827 0.007212 0.076923
16 0.588642 0.277644 0.005409 0.069712
16 0.603966 0.350962 0.007212 0.081731
16 0.613582 0.459135 0.008413 0.091346
16 0.590445 0.489183 0.007812 0.093750
16 0.622897 0.574519 0.006611 0.086538
16 0.609675 0.679087 0.007812 0.093750
15 0.466647 0.274038 0.005409 0.076923
15 0.424880 0.350962 0.006010 0.086538
15 0.442909 0.561298 0.007212 0.084135
15 0.521034 0.387019 0.007212 0.076923
15 0.573317 0.295673 0.006010 0.072115
15 0.557091 0.554087 0.007212 0.093750
15 0.518930 0.825721 0.010216 0.103365
15 0.604567 0.444712 0.006010 0.086538
15 0.630409 0.650240 0.007212 0.093750
15 0.658353 0.861779 0.010216 0.098558
0 0.157452 0.406250 0.003606 0.014423
