16 0.414062 0.628606 0.007212 0.093750
16 0.421274 0.352163 0.003606 0.069712
16 0.363281 0.151442 0.004207 0.062500
16 0.291166 0.323317 0.006611 0.074519
16 0.265625 0.259615 0.003606 0.057692
16 0.536959 0.508413 0.004207 0.088942
16 0.524639 0.387019 0.003606 0.081731
16 0.531250 0.235577 0.004808 0.072115
16 0.499399 0.133413 0.004808 0.064904
16 0.229267 0.496394 0.006611 0.074519
15 0.233774 0.201923 0.006010 0.057692
15 0.212440 0.486779 0.006611 0.069712
15 0.290865 0.277644 0.004808 0.069712
15 0.395733 0.072115 0.004207 0.057692
15 0.341947 0.432692 0.006010 0.081731
15 0.304087 0.729567 0.008413 0.093750
15 0.485276 0.382212 0.006611 0.081731
15 0.492788 0.108173 0.004808 0.062500
15 0.497897 0.657452 0.006611 0.088942
15 0.548077 0.560096 0.006010 0.096154
