16 0.538462 0.510817 0.008413 0.093750
16 0.530349 0.381010 0.007812 0.084135
16 0.531550 0.245192 0.006611 0.076923
16 0.507212 0.134615 0.007212 0.072115
16 0.426683 0.350962 0.008413 0.081731
16 0.426683 0.629808 0.008413 0.100962
16 0.369591 0.146635 0.007212 0.067308
16 0.272236 0.242788 0.007212 0.076923
16 0.250300 0.490385 0.007812 0.081731
16 0.298377 0.302885 0.007812 0.076923
15 0.248498 0.206731 0.007812 0.072115
15 0.239183 0.474760 0.012019 0.079327
15 0.297776 0.269231 0.007812 0.072115
15 0.402945 0.085337 0.006611 0.055288
15 0.364183 0.444712 0.012019 0.086538
15 0.323618 0.729567 0.015024 0.103365
15 0.492788 0.371394 0.007212 0.084135
15 0.500300 0.115385 0.007812 0.062500
15 0.514724 0.683894 0.010216 0.103365
15 0.553486 0.573317 0.008413 0.103365
0 0.150541 0.409856 0.005409 0.021635
