16 0.444712 0.460337 0.010817 0.079327
16 0.382812 0.296875 0.007212 0.069712
16 0.448618 0.180288 0.005409 0.072115
16 0.499099 0.316106 0.006611 0.069712
16 0.605469 0.556490 0.006611 0.093750
16 0.552885 0.616587 0.006010 0.098558
16 0.559195 0.443510 0.006611 0.084135
16 0.586538 0.413462 0.007212 0.081731
16 0.591046 0.325721 0.007812 0.084135
16 0.569712 0.211538 0.007212 0.072115
0 0.156550 0.407452 0.004207 0.016827
15 0.389724 0.290865 0.007812 0.086538
15 0.422175 0.496394 0.010216 0.084135
15 0.452224 0.204327 0.006611 0.072115
15 0.470553 0.344952 0.010817 0.079327
15 0.463642 0.777644 0.012620 0.112981
15 0.543870 0.213942 0.007212 0.067308
15 0.574519 0.384615 0.007212 0.086538
15 0.533654 0.508413 0.009615 0.088942
15 0.610276 0.644231 0.010216 0.105769
15 0.626502 0.775240 0.007812 0.103365
