16 0.436599 0.318510 0.007812 0.074519
16 0.497897 0.241587 0.006611 0.074519
16 0.587139 0.271635 0.008413 0.081731
16 0.565204 0.381010 0.007812 0.079327
16 0.509014 0.497596 0.007212 0.086538
16 0.588341 0.484375 0.007212 0.084135
16 0.610276 0.448317 0.006611 0.084135
16 0.602163 0.350962 0.006010 0.086538
16 0.620192 0.569712 0.007212 0.086538
16 0.606070 0.675481 0.009014 0.086538
15 0.425781 0.352163 0.007812 0.079327
15 0.468750 0.271635 0.007212 0.076923
15 0.441406 0.557692 0.007812 0.086538
15 0.519832 0.393029 0.007212 0.079327
15 0.555889 0.552885 0.007212 0.091346
15 0.570913 0.289663 0.006010 0.069712
15 0.602464 0.439904 0.007812 0.076923
15 0.519231 0.825721 0.010817 0.098558
15 0.632512 0.653846 0.007812 0.091346
15 0.655950 0.867788 0.009014 0.100962
