15 0.361779 0.265625 0.006010 0.069712
15 0.390325 0.492788 0.006611 0.076923
15 0.438101 0.739183 0.008413 0.093750
15 0.439002 0.179087 0.004207 0.060096
15 0.427885 0.313702 0.006010 0.064904
15 0.517728 0.503606 0.006611 0.084135
15 0.533053 0.186298 0.004808 0.060096
15 0.556490 0.383413 0.007212 0.074519
15 0.606971 0.647837 0.006010 0.084135
15 0.608474 0.769231 0.006611 0.091346
16 0.355168 0.275240 0.004808 0.060096
16 0.403846 0.461538 0.006010 0.072115
16 0.444411 0.295673 0.005409 0.067308
16 0.429688 0.168269 0.004808 0.062500
16 0.558594 0.191106 0.004207 0.064904
16 0.541166 0.427885 0.007812 0.081731
16 0.528846 0.614183 0.006010 0.084135
16 0.580228 0.317308 0.005409 0.076923
16 0.582632 0.414663 0.006611 0.079327
16 0.594952 0.550481 0.007212 0.081731
