16 0.412260 0.325721 0.007212 0.069712
16 0.476562 0.212740 0.007212 0.064904
16 0.481671 0.483173 0.007812 0.086538
16 0.551683 0.354567 0.007212 0.074519
16 0.577825 0.246394 0.005409 0.069712
16 0.592849 0.337740 0.006611 0.079327
16 0.600361 0.427885 0.007212 0.086538
16 0.575421 0.484375 0.007812 0.084135
16 0.584135 0.646635 0.008413 0.091346
16 0.610276 0.567308 0.007812 0.091346
15 0.418269 0.325721 0.009615 0.084135
15 0.463942 0.241587 0.006010 0.079327
15 0.443209 0.526442 0.007812 0.086538
15 0.506611 0.384615 0.007212 0.081731
15 0.508714 0.811298 0.010216 0.108173
15 0.552284 0.528846 0.007212 0.086538
15 0.560397 0.259615 0.006611 0.067308
15 0.625000 0.656250 0.009615 0.096154
15 0.594952 0.406250 0.007212 0.076923
15 0.639724 0.818510 0.010216 0.098558
