16 0.433594 0.506010 0.007812 0.084135
16 0.530950 0.346154 0.007812 0.081731
16 0.537260 0.632212 0.008413 0.091346
16 0.584135 0.503606 0.008413 0.093750
16 0.587139 0.676683 0.007212 0.098558
16 0.628305 0.318510 0.006611 0.074519
16 0.676082 0.432692 0.008413 0.096154
16 0.701623 0.600962 0.010216 0.091346
16 0.692308 0.754808 0.008413 0.096154
16 0.657752 0.647837 0.009014 0.093750
15 0.448017 0.296875 0.006611 0.069712
15 0.420673 0.497596 0.009615 0.091346
15 0.508413 0.634615 0.008413 0.091346
15 0.489183 0.736779 0.012019 0.084135
15 0.527945 0.504808 0.009014 0.086538
15 0.595252 0.627404 0.010216 0.091346
15 0.603966 0.341346 0.006010 0.072115
15 0.651442 0.580529 0.006010 0.088942
15 0.669772 0.765625 0.011418 0.103365
15 0.656250 0.665865 0.007212 0.096154
