15 0.239183 0.205529 0.007212 0.074519
15 0.293570 0.271635 0.006611 0.072115
15 0.220853 0.478365 0.007812 0.081731
15 0.346755 0.444712 0.009615 0.076923
15 0.310397 0.725962 0.007812 0.105769
15 0.398438 0.074519 0.006010 0.052885
15 0.494591 0.106971 0.004808 0.055288
15 0.488582 0.381010 0.007212 0.079327
15 0.548377 0.564904 0.007812 0.096154
15 0.504207 0.668269 0.007212 0.086538
16 0.530950 0.241587 0.005409 0.069712
16 0.524639 0.382212 0.007212 0.081731
16 0.536659 0.507212 0.006010 0.096154
16 0.421575 0.349760 0.007812 0.079327
16 0.417969 0.631010 0.009014 0.093750
16 0.365385 0.146635 0.007212 0.067308
16 0.267728 0.253606 0.005409 0.064904
16 0.235276 0.496394 0.007812 0.084135
16 0.292969 0.316106 0.005409 0.069712
16 0.501502 0.131010 0.005409 0.064904
0 0.149639 0.411058 0.006010 0.024038
