16 0.279748 0.235577 0.007812 0.072115
16 0.275841 0.475962 0.007212 0.091346
16 0.309195 0.302885 0.010216 0.081731
16 0.376502 0.145433 0.009014 0.069712
16 0.439603 0.350962 0.009014 0.086538
16 0.441106 0.632212 0.008413 0.100962
16 0.515325 0.140625 0.006611 0.069712
16 0.534555 0.254808 0.009014 0.076923
16 0.535156 0.370192 0.011418 0.091346
16 0.548377 0.513221 0.007812 0.098558
15 0.561599 0.594952 0.007812 0.103365
15 0.529147 0.709135 0.011418 0.105769
15 0.502704 0.367788 0.006611 0.081731
15 0.508413 0.116587 0.007212 0.064904
15 0.407752 0.091346 0.006611 0.067308
15 0.394531 0.453125 0.011418 0.084135
15 0.342548 0.724760 0.015625 0.098558
15 0.309796 0.258413 0.007812 0.069712
15 0.262019 0.469952 0.010817 0.088942
15 0.263522 0.215144 0.007812 0.074519
