16 0.326022 0.468750 0.009014 0.076923
16 0.341046 0.293269 0.007812 0.062500
16 0.298377 0.243990 0.005409 0.055288
16 0.396034 0.147837 0.007212 0.064904
16 0.482272 0.365385 0.006611 0.081731
16 0.471154 0.618990 0.007212 0.093750
16 0.532752 0.152644 0.006611 0.069712
16 0.551683 0.277644 0.008413 0.079327
16 0.554688 0.381010 0.006010 0.079327
16 0.567308 0.527644 0.008413 0.084135
15 0.296875 0.225962 0.006010 0.057692
15 0.346154 0.268029 0.007212 0.060096
15 0.310397 0.484375 0.009014 0.079327
15 0.415865 0.131010 0.006010 0.060096
15 0.380409 0.710337 0.012019 0.103365
15 0.462139 0.480769 0.007212 0.086538
15 0.523738 0.370192 0.005409 0.076923
15 0.581130 0.620192 0.008413 0.091346
15 0.558293 0.745192 0.010817 0.067308
15 0.518930 0.132212 0.005409 0.057692
