15 0.227163 0.201923 0.007212 0.067308
15 0.198317 0.491587 0.008413 0.074519
15 0.337740 0.429087 0.008413 0.084135
15 0.288462 0.271635 0.004808 0.057692
15 0.294772 0.730769 0.007812 0.100962
15 0.392728 0.070913 0.006611 0.055288
15 0.480469 0.383413 0.007812 0.084135
15 0.488582 0.646635 0.008413 0.081731
15 0.548377 0.546875 0.009014 0.093750
15 0.487079 0.112981 0.005409 0.062500
16 0.219050 0.491587 0.006611 0.079327
16 0.288462 0.331731 0.007212 0.067308
16 0.262320 0.258413 0.006611 0.064904
16 0.359075 0.149038 0.005409 0.072115
16 0.420974 0.344952 0.007812 0.079327
16 0.493389 0.131010 0.006010 0.064904
16 0.412861 0.626202 0.009615 0.093750
16 0.530950 0.228365 0.005409 0.072115
16 0.526442 0.387019 0.007212 0.086538
16 0.534856 0.506010 0.007212 0.088942
