16 0.364183 0.284856 0.007212 0.064904
16 0.415865 0.460337 0.007212 0.079327
16 0.460938 0.302885 0.008413 0.072115
16 0.435397 0.171875 0.007812 0.069712
16 0.561599 0.194712 0.007812 0.072115
16 0.584135 0.320913 0.007212 0.079327
16 0.585337 0.413462 0.007212 0.086538
16 0.546575 0.430288 0.009014 0.076923
16 0.536058 0.615385 0.009615 0.091346
16 0.599760 0.551683 0.007212 0.088942
15 0.370192 0.271635 0.007212 0.072115
15 0.443209 0.186298 0.006611 0.069712
15 0.440204 0.323317 0.009014 0.069712
15 0.401442 0.492788 0.007212 0.081731
15 0.445312 0.747596 0.010817 0.100962
15 0.522236 0.503606 0.009615 0.088942
15 0.536659 0.195913 0.006010 0.064904
15 0.562200 0.385817 0.009014 0.079327
15 0.606971 0.661058 0.010817 0.062500
15 0.616286 0.770433 0.009014 0.098558
