16 0.484675 0.225962 0.007812 0.072115
16 0.492188 0.490385 0.007212 0.086538
16 0.559796 0.365385 0.007812 0.072115
16 0.582332 0.254808 0.007212 0.072115
16 0.596454 0.348558 0.006611 0.076923
16 0.603365 0.431490 0.006010 0.084135
16 0.581731 0.480769 0.007212 0.086538
16 0.612981 0.562500 0.007212 0.086538
16 0.592849 0.658654 0.007812 0.091346
15 0.423978 0.335337 0.007812 0.074519
15 0.467248 0.253606 0.007812 0.079327
15 0.440204 0.540865 0.007812 0.086538
15 0.514123 0.390625 0.006611 0.079327
15 0.565204 0.271635 0.005409 0.072115
15 0.551082 0.544471 0.007212 0.093750
15 0.518329 0.824519 0.009014 0.105769
15 0.630108 0.662260 0.009014 0.098558
15 0.646034 0.838942 0.013221 0.096154
15 0.597055 0.417067 0.006611 0.084135
