16 0.441106 0.457933 0.008413 0.069712
16 0.529147 0.332933 0.007812 0.074519
16 0.530950 0.609375 0.007812 0.093750
16 0.580228 0.486779 0.009014 0.088942
16 0.590445 0.647837 0.013822 0.093750
16 0.625901 0.320913 0.007812 0.074519
16 0.664062 0.427885 0.009615 0.081731
16 0.688401 0.585337 0.009014 0.093750
16 0.683594 0.740385 0.007812 0.091346
16 0.648438 0.646635 0.008413 0.072115
15 0.422776 0.459135 0.007812 0.091346
15 0.447115 0.301683 0.007212 0.074519
15 0.527344 0.487981 0.007812 0.086538
15 0.503005 0.605769 0.009615 0.086538
15 0.496695 0.724760 0.009014 0.103365
15 0.581731 0.632212 0.012019 0.086538
15 0.600361 0.341346 0.007212 0.072115
15 0.646034 0.560096 0.008413 0.086538
15 0.679688 0.772837 0.013221 0.084135
15 0.652945 0.668269 0.007812 0.100962
0 0.566106 0.525240 0.004808 0.016827
