16 0.399639 0.318510 0.007212 0.074519
16 0.465445 0.197115 0.007812 0.062500
16 0.467248 0.472356 0.007812 0.079327
16 0.535457 0.337740 0.007212 0.079327
16 0.574219 0.225962 0.006611 0.072115
16 0.569712 0.468750 0.007212 0.086538
16 0.594050 0.425481 0.007812 0.086538
16 0.590445 0.330529 0.007812 0.074519
16 0.606671 0.560096 0.006611 0.100962
16 0.571514 0.631010 0.007212 0.093750
15 0.405950 0.307692 0.007812 0.081731
15 0.459736 0.222356 0.007212 0.074519
15 0.439603 0.506010 0.007812 0.088942
15 0.493990 0.365385 0.007212 0.081731
15 0.552284 0.237981 0.007212 0.072115
15 0.488582 0.792067 0.010817 0.108173
15 0.547776 0.518029 0.009014 0.088942
15 0.587740 0.393029 0.006010 0.074519
15 0.617788 0.646635 0.008413 0.096154
15 0.632212 0.782452 0.010817 0.103365
0 0.157752 0.407452 0.004207 0.016827
