16 0.292969 0.241587 0.005409 0.060096
16 0.327825 0.293269 0.007812 0.072115
16 0.311599 0.459135 0.007812 0.081731
16 0.390325 0.146635 0.006611 0.062500
16 0.468450 0.360577 0.009014 0.091346
16 0.461538 0.618990 0.007212 0.103365
16 0.562200 0.521635 0.009014 0.086538
16 0.547776 0.373798 0.007812 0.084135
16 0.546575 0.271635 0.006611 0.076923
16 0.526442 0.147837 0.006010 0.074519
15 0.287260 0.224760 0.006010 0.069712
15 0.334736 0.257212 0.006010 0.067308
15 0.296575 0.475962 0.009014 0.091346
15 0.368990 0.710337 0.015625 0.103365
15 0.443510 0.473558 0.010817 0.086538
15 0.515925 0.366587 0.007812 0.088942
15 0.413462 0.116587 0.006010 0.064904
15 0.515325 0.125000 0.006611 0.062500
15 0.576623 0.614183 0.009014 0.093750
15 0.550180 0.734375 0.010216 0.084135
0 0.150541 0.409856 0.004207 0.016827
