16 0.451623 0.391827 0.007812 0.076923
16 0.522837 0.306490 0.007212 0.079327
16 0.516526 0.580529 0.009014 0.088942
16 0.565204 0.443510 0.006611 0.084135
16 0.614784 0.318510 0.010817 0.074519
16 0.635517 0.412260 0.011418 0.079327
16 0.657752 0.537260 0.009014 0.088942
16 0.589243 0.604567 0.010216 0.103365
16 0.655349 0.741587 0.012620 0.103365
15 0.426082 0.409856 0.006010 0.084135
15 0.449820 0.302885 0.007812 0.072115
15 0.472055 0.581731 0.006611 0.076923
15 0.521635 0.444712 0.007212 0.076923
15 0.509014 0.748798 0.007212 0.103365
15 0.573618 0.634615 0.012620 0.096154
15 0.590445 0.334135 0.007812 0.076923
15 0.629207 0.527644 0.008413 0.079327
15 0.630409 0.661058 0.009615 0.096154
15 0.676683 0.806490 0.008413 0.098558
0 0.486779 0.192308 0.004808 0.024038
