16 0.455228 0.334135 0.006611 0.072115
16 0.514724 0.284856 0.006611 0.074519
16 0.515325 0.539663 0.007812 0.088942
16 0.562800 0.405048 0.006611 0.074519
16 0.597356 0.302885 0.006010 0.081731
16 0.588341 0.521635 0.007212 0.081731
16 0.614183 0.379808 0.007212 0.076923
16 0.630409 0.484375 0.009615 0.084135
16 0.630709 0.605769 0.013822 0.086538
16 0.617188 0.730769 0.008413 0.100962
15 0.460637 0.298077 0.006611 0.076923
15 0.430889 0.384615 0.007212 0.086538
15 0.438702 0.560096 0.008413 0.086538
15 0.519231 0.793269 0.008413 0.100962
15 0.554387 0.581731 0.007812 0.086538
15 0.524339 0.405048 0.007812 0.074519
15 0.580829 0.319712 0.006611 0.076923
15 0.616587 0.474760 0.008413 0.079327
15 0.624099 0.656250 0.012620 0.091346
15 0.666767 0.829327 0.009014 0.100962
