16 0.397236 0.317308 0.007212 0.072115
16 0.462139 0.193510 0.007212 0.064904
16 0.462139 0.472356 0.009615 0.084135
16 0.529748 0.335337 0.007812 0.074519
16 0.574219 0.225962 0.007812 0.072115
16 0.566707 0.465144 0.008413 0.084135
16 0.593450 0.418269 0.007812 0.086538
16 0.587740 0.328125 0.008413 0.084135
16 0.568510 0.632212 0.012019 0.096154
16 0.606070 0.561298 0.006611 0.084135
15 0.403546 0.307692 0.007812 0.081731
15 0.458534 0.219952 0.007212 0.069712
15 0.436599 0.508413 0.007812 0.088942
15 0.491587 0.364183 0.008413 0.074519
15 0.552284 0.236779 0.007212 0.064904
15 0.545373 0.516827 0.007812 0.096154
15 0.485276 0.792067 0.009014 0.108173
15 0.585938 0.389423 0.008413 0.081731
15 0.617188 0.644231 0.010817 0.091346
15 0.632212 0.780048 0.009615 0.112981
0 0.157151 0.406250 0.004207 0.014423
