16 0.418570 0.320913 0.005409 0.074519
16 0.482272 0.221154 0.006611 0.067308
16 0.489183 0.490385 0.007212 0.076923
16 0.557993 0.360577 0.006611 0.076923
16 0.580228 0.253606 0.006611 0.074519
16 0.595252 0.343750 0.007812 0.072115
16 0.602764 0.431490 0.007212 0.088942
16 0.579026 0.484375 0.009014 0.084135
16 0.612079 0.563702 0.007812 0.084135
16 0.589844 0.661058 0.009014 0.091346
15 0.441106 0.538462 0.008413 0.091346
15 0.422776 0.331731 0.009014 0.086538
15 0.466346 0.250000 0.007212 0.072115
15 0.512019 0.388221 0.008413 0.079327
15 0.563101 0.269231 0.007212 0.072115
15 0.551082 0.536058 0.008413 0.086538
15 0.516226 0.819712 0.012019 0.110577
15 0.629207 0.659856 0.008413 0.098558
15 0.643630 0.832933 0.008413 0.098558
15 0.596755 0.412260 0.007212 0.079327
