15 0.245192 0.210337 0.006010 0.064904
15 0.234075 0.474760 0.007812 0.079327
15 0.319712 0.724760 0.007212 0.103365
15 0.296575 0.271635 0.005409 0.062500
15 0.359075 0.444712 0.007812 0.081731
15 0.492188 0.372596 0.006010 0.072115
15 0.510216 0.677885 0.009615 0.096154
15 0.551683 0.575721 0.007212 0.103365
15 0.499700 0.109375 0.005409 0.055288
15 0.400841 0.084135 0.006010 0.052885
16 0.271635 0.246394 0.007212 0.055288
16 0.246695 0.493990 0.007812 0.079327
16 0.297175 0.308894 0.007812 0.069712
16 0.368389 0.146635 0.007212 0.062500
16 0.426082 0.349760 0.007212 0.084135
16 0.424279 0.631010 0.010817 0.088942
16 0.506010 0.131010 0.004808 0.060096
16 0.530950 0.241587 0.005409 0.074519
16 0.529147 0.379808 0.007812 0.091346
16 0.539062 0.509615 0.008413 0.096154
0 0.149940 0.409856 0.004207 0.021635
