16 0.417368 0.324519 0.005409 0.076923
16 0.481070 0.222356 0.006611 0.064904
16 0.488582 0.487981 0.007212 0.081731
16 0.557091 0.361779 0.008413 0.074519
16 0.580228 0.253606 0.006611 0.074519
16 0.595853 0.342548 0.006611 0.074519
16 0.602163 0.427885 0.007212 0.081731
16 0.577825 0.483173 0.007812 0.086538
16 0.612079 0.566106 0.007812 0.093750
16 0.589844 0.657452 0.009014 0.093750
15 0.465745 0.248798 0.006010 0.074519
15 0.422476 0.331731 0.008413 0.081731
15 0.441106 0.536058 0.007212 0.091346
15 0.515925 0.817308 0.010216 0.110577
15 0.511719 0.389423 0.006611 0.076923
15 0.551382 0.533654 0.007812 0.081731
15 0.563101 0.265625 0.007212 0.069712
15 0.596454 0.412260 0.006611 0.074519
15 0.629507 0.659856 0.009014 0.103365
15 0.643029 0.828125 0.007212 0.098558
