15 0.257212 0.210337 0.007212 0.074519
15 0.304688 0.262019 0.007212 0.072115
15 0.252404 0.465144 0.012019 0.084135
15 0.334135 0.725962 0.015625 0.105769
15 0.381010 0.443510 0.008413 0.084135
15 0.405950 0.084135 0.007812 0.062500
15 0.504808 0.115385 0.007212 0.062500
15 0.499099 0.365385 0.007812 0.081731
15 0.556490 0.586538 0.009615 0.091346
15 0.522236 0.695913 0.013221 0.103365
16 0.532151 0.252404 0.007812 0.081731
16 0.532752 0.376202 0.007812 0.079327
16 0.542969 0.512019 0.009014 0.091346
16 0.434796 0.631010 0.009014 0.098558
16 0.432993 0.350962 0.009014 0.086538
16 0.512320 0.143029 0.007812 0.064904
16 0.374099 0.147837 0.006611 0.069712
16 0.277344 0.237981 0.006611 0.072115
16 0.265325 0.474760 0.010216 0.079327
16 0.304688 0.301683 0.008413 0.074519
0 0.150541 0.408654 0.004207 0.019231
