16 0.453425 0.328125 0.006611 0.069712
16 0.512921 0.274038 0.005409 0.072115
16 0.515325 0.536058 0.007812 0.081731
16 0.562800 0.399038 0.006611 0.072115
16 0.593450 0.295673 0.007812 0.072115
16 0.610276 0.368990 0.006611 0.074519
16 0.588942 0.513221 0.007212 0.084135
16 0.625901 0.477163 0.007812 0.084135
16 0.629507 0.600962 0.012620 0.086538
16 0.617788 0.725962 0.007212 0.096154
15 0.431490 0.378606 0.009615 0.084135
15 0.439002 0.561298 0.009014 0.088942
15 0.462139 0.296875 0.009615 0.079327
15 0.522837 0.399038 0.008413 0.072115
15 0.553185 0.575721 0.007812 0.093750
15 0.519832 0.805288 0.009615 0.115385
15 0.578726 0.318510 0.008413 0.079327
15 0.614483 0.466346 0.007812 0.086538
15 0.629507 0.662260 0.010216 0.098558
15 0.666166 0.835337 0.010216 0.098558
