16 0.431490 0.510817 0.010817 0.084135
16 0.530950 0.349760 0.007812 0.079327
16 0.539062 0.633413 0.010817 0.093750
16 0.584736 0.507212 0.007212 0.096154
16 0.629207 0.318510 0.007212 0.074519
16 0.587740 0.675481 0.007212 0.100962
16 0.657752 0.646635 0.010216 0.091346
16 0.677885 0.427885 0.008413 0.100962
16 0.702825 0.608173 0.011418 0.086538
16 0.692909 0.757212 0.007212 0.100962
15 0.447716 0.299279 0.007212 0.074519
15 0.419171 0.507212 0.010216 0.091346
15 0.527945 0.507212 0.010216 0.086538
15 0.507212 0.631010 0.009615 0.088942
15 0.486779 0.746394 0.012019 0.084135
15 0.597656 0.621394 0.013822 0.098558
15 0.604267 0.342548 0.005409 0.074519
15 0.651442 0.584135 0.007212 0.091346
15 0.668570 0.769231 0.006611 0.100962
15 0.657752 0.663462 0.006611 0.100962
