16 0.277344 0.234375 0.007812 0.069712
16 0.266827 0.483173 0.009615 0.081731
16 0.375000 0.146635 0.007212 0.072115
16 0.434195 0.354567 0.007812 0.084135
16 0.436298 0.633413 0.010817 0.098558
16 0.533654 0.247596 0.008413 0.081731
16 0.534555 0.377404 0.007812 0.076923
16 0.544471 0.512019 0.010817 0.096154
15 0.558594 0.588942 0.010216 0.096154
15 0.523137 0.703125 0.012620 0.103365
15 0.500300 0.368990 0.009014 0.084135
15 0.506310 0.115385 0.006611 0.067308
16 0.512620 0.143029 0.008413 0.069712
15 0.406851 0.086538 0.007212 0.062500
15 0.383714 0.450721 0.011418 0.088942
15 0.305889 0.265625 0.007212 0.064904
15 0.335036 0.727163 0.012620 0.108173
15 0.254207 0.468750 0.010817 0.096154
15 0.258714 0.211538 0.009014 0.076923
16 0.306490 0.310096 0.008413 0.067308
