16 0.485877 0.224760 0.007812 0.074519
16 0.493389 0.491587 0.008413 0.084135
16 0.582933 0.484375 0.008413 0.084135
16 0.604868 0.433894 0.006611 0.084135
16 0.614183 0.566106 0.006010 0.093750
16 0.594050 0.658654 0.011418 0.091346
16 0.597957 0.349760 0.007212 0.079327
16 0.582332 0.256010 0.006010 0.074519
16 0.560998 0.365385 0.007812 0.081731
15 0.423978 0.337740 0.007812 0.084135
15 0.440204 0.543269 0.007812 0.086538
15 0.467248 0.253606 0.006611 0.074519
15 0.515325 0.394231 0.007812 0.081731
15 0.565204 0.272837 0.006611 0.069712
15 0.597356 0.415865 0.006010 0.072115
15 0.551683 0.542067 0.007212 0.084135
15 0.519231 0.824519 0.010817 0.100962
15 0.630409 0.662260 0.008413 0.093750
15 0.647236 0.842548 0.010817 0.098558
0 0.157151 0.407452 0.003005 0.016827
