16 0.290264 0.237981 0.006010 0.062500
16 0.323618 0.294471 0.006611 0.069712
16 0.304688 0.471154 0.010817 0.076923
16 0.387320 0.146635 0.006611 0.062500
16 0.462740 0.358173 0.009615 0.072115
16 0.457933 0.626202 0.009615 0.093750
16 0.559796 0.521635 0.007812 0.091346
16 0.545373 0.371394 0.009014 0.079327
16 0.544171 0.268029 0.007812 0.074519
16 0.523438 0.147837 0.006010 0.060096
15 0.282151 0.223558 0.007812 0.072115
15 0.328125 0.260817 0.007212 0.064904
15 0.289964 0.478365 0.009014 0.086538
15 0.364183 0.718750 0.008413 0.100962
15 0.412560 0.110577 0.005409 0.067308
15 0.432993 0.471154 0.011418 0.086538
15 0.514423 0.121394 0.006010 0.060096
15 0.514123 0.367788 0.009014 0.081731
15 0.573918 0.608173 0.008413 0.096154
15 0.545974 0.727163 0.013822 0.098558
