16 0.399038 0.318510 0.006010 0.074519
16 0.466046 0.195913 0.009014 0.069712
16 0.465445 0.473558 0.006611 0.086538
16 0.533954 0.342548 0.007812 0.074519
16 0.568510 0.468750 0.008413 0.086538
16 0.574219 0.233173 0.006611 0.072115
16 0.589844 0.331731 0.007812 0.081731
16 0.594050 0.424279 0.007812 0.088942
16 0.606070 0.563702 0.006611 0.093750
16 0.570913 0.632212 0.006010 0.091346
15 0.406250 0.311298 0.008413 0.084135
15 0.439603 0.509615 0.009014 0.096154
15 0.459736 0.219952 0.006010 0.069712
15 0.493990 0.365385 0.006010 0.076923
15 0.553486 0.241587 0.007212 0.069712
15 0.547175 0.516827 0.007812 0.086538
15 0.487680 0.798077 0.012620 0.110577
15 0.586839 0.390625 0.009014 0.079327
15 0.617788 0.644231 0.009615 0.091346
15 0.633113 0.784856 0.010216 0.103365
