16 0.402945 0.149038 0.006611 0.072115
16 0.359075 0.288462 0.005409 0.067308
16 0.305889 0.240385 0.006010 0.052885
16 0.340445 0.460337 0.007812 0.079327
16 0.497897 0.376202 0.010216 0.069712
16 0.484675 0.617788 0.010216 0.096154
16 0.538462 0.162260 0.007212 0.064904
16 0.556490 0.287260 0.007212 0.079327
16 0.562800 0.395433 0.009014 0.079327
16 0.573618 0.522837 0.006611 0.098558
15 0.394832 0.693510 0.010817 0.098558
15 0.327825 0.486779 0.007812 0.079327
15 0.311599 0.233173 0.006611 0.072115
15 0.363582 0.272837 0.007212 0.064904
15 0.420373 0.143029 0.006611 0.060096
15 0.521635 0.134615 0.006010 0.067308
15 0.480469 0.486779 0.007812 0.088942
15 0.530950 0.371394 0.010216 0.079327
15 0.585938 0.627404 0.008413 0.096154
15 0.567308 0.753606 0.013221 0.084135
0 0.150541 0.409856 0.005409 0.021635
