16 0.412861 0.324519 0.006010 0.072115
16 0.482873 0.483173 0.007812 0.086538
16 0.476562 0.211538 0.006010 0.072115
16 0.552885 0.349760 0.007212 0.074519
16 0.577825 0.246394 0.005409 0.069712
16 0.593450 0.335337 0.006611 0.074519
16 0.600962 0.429087 0.007212 0.088942
16 0.576022 0.483173 0.006611 0.086538
16 0.584736 0.646635 0.009615 0.086538
16 0.610276 0.567308 0.006611 0.086538
15 0.419171 0.322115 0.009014 0.081731
15 0.463942 0.239183 0.007212 0.074519
15 0.442909 0.527644 0.007212 0.084135
15 0.507812 0.382212 0.008413 0.076923
15 0.560397 0.257212 0.006611 0.067308
15 0.509315 0.808894 0.012620 0.108173
15 0.552284 0.527644 0.008413 0.084135
15 0.594651 0.402644 0.005409 0.079327
15 0.625901 0.651442 0.010216 0.096154
15 0.639724 0.817308 0.010216 0.100962
0 0.157452 0.406250 0.004808 0.019231
