16 0.323618 0.257212 0.005409 0.057692
16 0.363582 0.465144 0.008413 0.084135
16 0.390325 0.290865 0.005409 0.072115
16 0.412260 0.161058 0.008413 0.062500
16 0.513522 0.393029 0.007812 0.079327
16 0.569712 0.409856 0.008413 0.084135
16 0.580829 0.532452 0.009014 0.084135
16 0.567007 0.298077 0.006611 0.086538
16 0.546575 0.170673 0.006611 0.062500
16 0.503606 0.615385 0.009615 0.091346
15 0.329327 0.243990 0.008413 0.074519
15 0.387320 0.284856 0.006611 0.069712
15 0.426683 0.155048 0.007212 0.064904
15 0.351863 0.489183 0.010216 0.084135
15 0.413462 0.703125 0.009615 0.108173
15 0.498197 0.495192 0.008413 0.086538
15 0.524639 0.155048 0.006010 0.060096
15 0.541166 0.377404 0.010216 0.081731
15 0.594651 0.637019 0.009014 0.100962
15 0.582031 0.764423 0.013822 0.100962
