16 0.446514 0.322115 0.006010 0.072115
16 0.507212 0.258413 0.007212 0.074519
16 0.516526 0.512019 0.006611 0.086538
16 0.564002 0.396635 0.007812 0.076923
16 0.588942 0.284856 0.007212 0.074519
16 0.606070 0.358173 0.007812 0.086538
16 0.590445 0.492788 0.007812 0.081731
16 0.616587 0.467548 0.008413 0.084135
16 0.624700 0.580529 0.011418 0.088942
16 0.615385 0.691106 0.009615 0.093750
15 0.426382 0.358173 0.006611 0.081731
15 0.464844 0.282452 0.006611 0.069712
15 0.442608 0.562500 0.007812 0.091346
15 0.521635 0.390625 0.006010 0.084135
15 0.574519 0.304087 0.006010 0.069712
15 0.557692 0.561298 0.007212 0.098558
15 0.518630 0.820913 0.010817 0.103365
15 0.608774 0.453125 0.008413 0.079327
15 0.630108 0.650240 0.007812 0.093750
15 0.662560 0.856971 0.009014 0.098558
