16 0.423978 0.539663 0.007812 0.084135
16 0.532151 0.350962 0.006611 0.076923
16 0.542067 0.645433 0.007212 0.088942
16 0.583534 0.514423 0.007212 0.086538
16 0.631010 0.318510 0.007212 0.074519
16 0.589844 0.683894 0.007812 0.103365
16 0.677284 0.426683 0.008413 0.103365
16 0.665865 0.646635 0.007212 0.086538
16 0.702224 0.599760 0.009014 0.098558
16 0.692608 0.769231 0.012620 0.096154
15 0.446514 0.298077 0.006010 0.076923
15 0.415264 0.526442 0.009615 0.105769
15 0.522837 0.512019 0.010817 0.086538
15 0.502704 0.644231 0.007812 0.105769
15 0.478365 0.776442 0.008413 0.091346
15 0.604868 0.343750 0.005409 0.081731
15 0.607572 0.614183 0.014423 0.103365
15 0.652945 0.582933 0.007812 0.088942
15 0.664363 0.783654 0.007812 0.110577
