16 0.441707 0.454327 0.007212 0.076923
16 0.528546 0.330529 0.007812 0.074519
16 0.530349 0.605769 0.006611 0.086538
16 0.580228 0.480769 0.007812 0.086538
16 0.625901 0.319712 0.006611 0.076923
16 0.662861 0.429087 0.009615 0.079327
16 0.686599 0.585337 0.007812 0.098558
16 0.647837 0.646635 0.007212 0.076923
16 0.588341 0.632212 0.012019 0.100962
16 0.680889 0.740385 0.007212 0.081731
15 0.447716 0.301683 0.006010 0.079327
15 0.423678 0.454327 0.007212 0.091346
15 0.497296 0.725962 0.009014 0.096154
15 0.501803 0.606971 0.008413 0.088942
15 0.526142 0.480769 0.005409 0.076923
15 0.599459 0.342548 0.007812 0.074519
15 0.643930 0.561298 0.007812 0.084135
15 0.652644 0.673077 0.009615 0.091346
15 0.681190 0.777644 0.011418 0.088942
