16 0.437200 0.318510 0.006611 0.074519
16 0.499700 0.241587 0.005409 0.074519
16 0.509014 0.502404 0.009615 0.081731
16 0.564603 0.383413 0.007812 0.079327
16 0.586538 0.272837 0.008413 0.079327
16 0.603365 0.349760 0.008413 0.088942
16 0.610276 0.450721 0.007812 0.084135
16 0.619591 0.569712 0.010817 0.091346
16 0.607272 0.677885 0.009014 0.096154
15 0.425481 0.349760 0.006010 0.088942
15 0.467849 0.271635 0.006611 0.072115
15 0.519832 0.391827 0.008413 0.076923
15 0.442308 0.556490 0.007212 0.093750
15 0.518329 0.824519 0.010216 0.100962
15 0.555889 0.554087 0.007212 0.093750
15 0.601562 0.439904 0.007212 0.081731
15 0.571514 0.288462 0.007212 0.067308
15 0.656550 0.866587 0.007812 0.098558
15 0.632212 0.650240 0.007212 0.093750
0 0.157151 0.403846 0.004207 0.014423
