16 0.440204 0.322115 0.007812 0.072115
16 0.502103 0.248798 0.006611 0.069712
16 0.512921 0.504808 0.007812 0.086538
16 0.565204 0.390625 0.006611 0.084135
16 0.588341 0.272837 0.007212 0.079327
16 0.604567 0.350962 0.007212 0.081731
16 0.611478 0.453125 0.007812 0.084135
16 0.589844 0.486779 0.005409 0.088942
16 0.609675 0.679087 0.007812 0.098558
16 0.622296 0.570913 0.007812 0.093750
15 0.425180 0.352163 0.007812 0.088942
15 0.467548 0.276442 0.004808 0.072115
15 0.442608 0.561298 0.006611 0.088942
15 0.520733 0.390625 0.007812 0.074519
15 0.557091 0.556490 0.007212 0.093750
15 0.573017 0.295673 0.006611 0.072115
15 0.518930 0.824519 0.010216 0.096154
15 0.605168 0.441106 0.007212 0.079327
15 0.631911 0.653846 0.006611 0.096154
15 0.658654 0.860577 0.009615 0.100962
