16 0.345853 0.288462 0.009014 0.067308
16 0.329627 0.466346 0.007812 0.072115
16 0.397837 0.151442 0.006010 0.072115
16 0.487079 0.370192 0.010216 0.076923
16 0.474760 0.616587 0.008413 0.093750
16 0.533954 0.159856 0.006611 0.069712
16 0.552284 0.282452 0.007212 0.079327
16 0.555889 0.385817 0.008413 0.084135
16 0.570012 0.526442 0.009014 0.100962
15 0.350962 0.268029 0.007212 0.064904
15 0.417969 0.133413 0.006611 0.064904
15 0.316106 0.481971 0.007212 0.084135
15 0.385216 0.709135 0.010817 0.105769
15 0.468450 0.480769 0.009014 0.086538
15 0.519531 0.132212 0.006611 0.057692
15 0.525240 0.372596 0.009615 0.072115
15 0.560998 0.752404 0.011418 0.076923
15 0.583534 0.623798 0.008413 0.093750
