16 0.445312 0.420673 0.006010 0.072115
16 0.526442 0.320913 0.007212 0.074519
16 0.524038 0.587740 0.007212 0.088942
16 0.572115 0.463942 0.008413 0.081731
16 0.586538 0.606971 0.009615 0.103365
16 0.620793 0.319712 0.009615 0.072115
16 0.650240 0.418269 0.008413 0.076923
16 0.671575 0.570913 0.009014 0.084135
16 0.668269 0.741587 0.010817 0.093750
15 0.448317 0.301683 0.006010 0.074519
15 0.426082 0.430288 0.007212 0.076923
15 0.488582 0.592548 0.010817 0.088942
15 0.502404 0.739183 0.008413 0.108173
15 0.522236 0.469952 0.007212 0.084135
15 0.595252 0.341346 0.007812 0.076923
15 0.579928 0.616587 0.007212 0.103365
15 0.637620 0.549279 0.009615 0.088942
15 0.642728 0.663462 0.009014 0.096154
15 0.682692 0.796875 0.009615 0.098558
