16 0.449219 0.399038 0.007812 0.072115
16 0.524038 0.316106 0.007212 0.084135
16 0.521034 0.582933 0.009615 0.093750
16 0.569111 0.453125 0.008413 0.084135
16 0.617188 0.320913 0.008413 0.084135
16 0.588642 0.615385 0.010216 0.091346
16 0.640925 0.413462 0.010216 0.081731
16 0.664663 0.550481 0.009615 0.086538
16 0.662260 0.740385 0.010817 0.096154
15 0.426382 0.414663 0.007812 0.074519
15 0.449219 0.301683 0.006611 0.074519
15 0.478365 0.584135 0.009615 0.086538
15 0.521334 0.456731 0.006611 0.076923
15 0.506010 0.750000 0.012019 0.110577
15 0.576923 0.631010 0.009615 0.084135
15 0.591947 0.338942 0.007212 0.067308
15 0.634315 0.539663 0.007812 0.088942
15 0.636418 0.662260 0.007212 0.088942
15 0.679387 0.804087 0.009014 0.093750
