16 0.452825 0.382212 0.006611 0.067308
16 0.521034 0.305288 0.007212 0.076923
16 0.515325 0.570913 0.006611 0.084135
16 0.564002 0.441106 0.006611 0.074519
16 0.610276 0.311298 0.006611 0.084135
16 0.630409 0.400240 0.009615 0.079327
16 0.587740 0.586538 0.008413 0.096154
16 0.652043 0.528846 0.010817 0.086538
16 0.631010 0.638221 0.006010 0.084135
16 0.648438 0.740385 0.012019 0.091346
15 0.427284 0.402644 0.007212 0.084135
15 0.452825 0.301683 0.006611 0.079327
15 0.466046 0.576923 0.007812 0.081731
15 0.521635 0.435096 0.007212 0.072115
15 0.512320 0.756010 0.009014 0.108173
15 0.568510 0.633413 0.008413 0.098558
15 0.588341 0.334135 0.007212 0.076923
15 0.627704 0.518029 0.007812 0.079327
15 0.625901 0.658654 0.007812 0.091346
15 0.673377 0.813702 0.010216 0.093750
0 0.454627 0.123798 0.005409 0.026442
