16 0.370493 0.287260 0.006611 0.064904
16 0.423377 0.453125 0.006611 0.084135
16 0.438401 0.171875 0.007812 0.069712
16 0.472356 0.302885 0.007212 0.072115
16 0.539663 0.612981 0.007212 0.096154
16 0.564002 0.195913 0.007812 0.074519
16 0.551082 0.433894 0.007212 0.084135
16 0.586538 0.320913 0.007212 0.079327
16 0.585938 0.412260 0.006010 0.084135
16 0.600962 0.554087 0.006010 0.088942
15 0.375901 0.276442 0.006611 0.076923
15 0.445312 0.191106 0.006010 0.069712
15 0.448618 0.324519 0.009014 0.076923
15 0.407151 0.491587 0.006611 0.079327
15 0.449820 0.757212 0.011418 0.105769
15 0.524639 0.506010 0.006010 0.088942
15 0.538462 0.201923 0.007212 0.067308
15 0.565204 0.383413 0.007812 0.084135
15 0.607873 0.657452 0.009014 0.079327
15 0.619892 0.770433 0.011418 0.098558
0 0.156250 0.403846 0.003606 0.019231
