16 0.294171 0.241587 0.006611 0.060096
16 0.313401 0.466346 0.009014 0.072115
16 0.330228 0.290865 0.007812 0.072115
16 0.390925 0.147837 0.006611 0.060096
16 0.464243 0.620192 0.009014 0.091346
16 0.472356 0.364183 0.007212 0.079327
16 0.527644 0.151442 0.004808 0.072115
16 0.548377 0.272837 0.007812 0.079327
16 0.549579 0.376202 0.007812 0.084135
16 0.562800 0.521635 0.007812 0.091346
15 0.288462 0.225962 0.007212 0.072115
15 0.336238 0.260817 0.007812 0.064904
15 0.299579 0.479567 0.010216 0.084135
15 0.371394 0.712740 0.013221 0.103365
15 0.414062 0.121394 0.006010 0.064904
15 0.446514 0.478365 0.010817 0.081731
15 0.516226 0.122596 0.007212 0.057692
15 0.518329 0.367788 0.006611 0.076923
15 0.577524 0.612981 0.009615 0.096154
15 0.552584 0.737981 0.010216 0.072115
