16 0.343450 0.270433 0.006611 0.064904
16 0.389724 0.460337 0.006611 0.084135
16 0.424579 0.293269 0.009014 0.072115
16 0.422175 0.163462 0.006611 0.062500
16 0.520433 0.616587 0.007212 0.093750
16 0.531550 0.413462 0.009014 0.081731
16 0.553486 0.182692 0.006010 0.072115
16 0.575421 0.307692 0.007812 0.076923
16 0.578425 0.411058 0.007812 0.081731
16 0.590445 0.537260 0.006611 0.088942
15 0.350661 0.256010 0.007812 0.074519
15 0.413161 0.304087 0.007812 0.069712
15 0.377103 0.496394 0.007812 0.079327
15 0.434495 0.170673 0.006010 0.067308
15 0.431190 0.725962 0.012620 0.100962
15 0.529447 0.175481 0.007212 0.072115
15 0.511418 0.504808 0.009615 0.086538
15 0.551382 0.381010 0.007812 0.079327
15 0.603365 0.641827 0.008413 0.091346
15 0.598257 0.765625 0.010216 0.098558
