16 0.333534 0.259615 0.007212 0.072115
16 0.375901 0.460337 0.006611 0.079327
16 0.417368 0.163462 0.006611 0.062500
16 0.407752 0.294471 0.009014 0.074519
16 0.523137 0.403846 0.009014 0.086538
16 0.512320 0.614183 0.006611 0.093750
16 0.585938 0.534856 0.008413 0.088942
16 0.576022 0.411058 0.007812 0.081731
16 0.570312 0.300481 0.007212 0.076923
16 0.550180 0.176683 0.007812 0.069712
15 0.340445 0.248798 0.006611 0.069712
15 0.399038 0.293269 0.007212 0.072115
15 0.364483 0.493990 0.007812 0.084135
15 0.430589 0.165865 0.007812 0.067308
15 0.527043 0.163462 0.006010 0.062500
15 0.421575 0.713942 0.012620 0.105769
15 0.504808 0.503606 0.009615 0.093750
15 0.545974 0.378606 0.009014 0.079327
15 0.598558 0.638221 0.008413 0.103365
15 0.590445 0.762019 0.012620 0.100962
