16 0.403546 0.323317 0.006611 0.074519
16 0.469050 0.203125 0.007812 0.069712
16 0.471454 0.478365 0.006611 0.086538
16 0.540865 0.348558 0.007212 0.081731
16 0.574820 0.237981 0.006611 0.072115
16 0.570913 0.477163 0.007212 0.088942
16 0.591046 0.332933 0.005409 0.074519
16 0.596454 0.421875 0.007812 0.084135
16 0.575421 0.637019 0.007812 0.086538
16 0.607873 0.561298 0.006611 0.088942
15 0.410457 0.314904 0.008413 0.081731
15 0.460637 0.225962 0.006611 0.072115
15 0.443209 0.509615 0.009014 0.086538
15 0.498197 0.371394 0.006010 0.079327
15 0.495192 0.801683 0.012019 0.108173
15 0.548978 0.519231 0.007812 0.086538
15 0.555288 0.245192 0.006010 0.067308
15 0.590745 0.393029 0.008413 0.079327
15 0.620793 0.646635 0.007212 0.096154
15 0.635216 0.793269 0.009615 0.100962
