16 0.437800 0.480769 0.007812 0.076923
16 0.530349 0.334135 0.006611 0.072115
16 0.532752 0.615385 0.006611 0.086538
16 0.583534 0.497596 0.007212 0.086538
16 0.586538 0.649038 0.009615 0.076923
16 0.628305 0.322115 0.006611 0.076923
16 0.671575 0.436298 0.007812 0.084135
16 0.692608 0.599760 0.013822 0.088942
16 0.687800 0.746394 0.010216 0.084135
15 0.677885 0.768029 0.010817 0.079327
15 0.447716 0.301683 0.006010 0.079327
15 0.422476 0.472356 0.008413 0.088942
15 0.506611 0.615385 0.008413 0.081731
15 0.493990 0.729567 0.007212 0.093750
15 0.527945 0.502404 0.007812 0.081731
15 0.601863 0.341346 0.005409 0.072115
15 0.648137 0.576923 0.009014 0.086538
15 0.654447 0.665865 0.007212 0.091346
16 0.649339 0.657452 0.009014 0.084135
