16 0.414062 0.460337 0.007212 0.079327
16 0.363582 0.283654 0.007212 0.067308
16 0.434195 0.168269 0.007812 0.072115
16 0.457933 0.300481 0.009615 0.067308
16 0.534856 0.615385 0.008413 0.091346
16 0.546575 0.429087 0.009014 0.079327
16 0.585337 0.411058 0.007212 0.086538
16 0.599159 0.551683 0.006010 0.093750
16 0.584135 0.319712 0.007212 0.081731
16 0.560998 0.193510 0.007812 0.069712
15 0.368990 0.271635 0.006010 0.076923
15 0.442909 0.180288 0.007212 0.072115
15 0.438401 0.320913 0.007812 0.069712
15 0.399639 0.493990 0.007212 0.084135
15 0.443510 0.745192 0.012019 0.105769
15 0.521635 0.503606 0.009615 0.093750
15 0.536058 0.193510 0.007212 0.064904
15 0.562200 0.383413 0.009014 0.079327
15 0.606671 0.659856 0.010216 0.064904
15 0.615385 0.766827 0.008413 0.096154
0 0.156250 0.407452 0.003606 0.016827
