16 0.452825 0.326923 0.007812 0.072115
16 0.511418 0.271635 0.006010 0.072115
16 0.516526 0.521635 0.007812 0.081731
16 0.564002 0.396635 0.006611 0.081731
16 0.592849 0.292067 0.007812 0.079327
16 0.607873 0.367788 0.007812 0.081731
16 0.590745 0.508413 0.008413 0.088942
16 0.624099 0.475962 0.007812 0.086538
16 0.628606 0.597356 0.013221 0.084135
16 0.618990 0.707933 0.008413 0.088942
15 0.430589 0.372596 0.009014 0.086538
15 0.439603 0.557692 0.007812 0.091346
15 0.462740 0.292067 0.007212 0.069712
15 0.522236 0.396635 0.008413 0.072115
15 0.554087 0.566106 0.008413 0.088942
15 0.519231 0.806490 0.009615 0.103365
15 0.630409 0.657452 0.009615 0.098558
15 0.578125 0.314904 0.007212 0.076923
15 0.612981 0.466346 0.008413 0.096154
15 0.665264 0.846154 0.009615 0.105769
