16 0.347957 0.272837 0.007212 0.064904
16 0.393329 0.460337 0.011418 0.079327
16 0.432692 0.298077 0.007212 0.072115
16 0.426082 0.163462 0.007212 0.067308
16 0.523438 0.615385 0.009615 0.091346
16 0.591647 0.542067 0.007812 0.084135
16 0.534856 0.417067 0.008413 0.079327
16 0.579627 0.409856 0.009014 0.084135
16 0.577825 0.310096 0.006611 0.072115
16 0.555288 0.182692 0.007212 0.072115
15 0.355469 0.256010 0.007812 0.074519
15 0.436599 0.176683 0.007812 0.064904
15 0.418870 0.304087 0.008413 0.074519
15 0.382512 0.495192 0.010216 0.086538
15 0.433293 0.725962 0.008413 0.100962
15 0.530950 0.180288 0.005409 0.067308
15 0.512620 0.504808 0.009615 0.086538
15 0.551983 0.381010 0.007812 0.079327
15 0.604868 0.646635 0.009014 0.096154
15 0.603065 0.765625 0.007812 0.103365
