16 0.315505 0.245192 0.006010 0.052885
16 0.351562 0.459135 0.007212 0.086538
16 0.375601 0.295673 0.008413 0.057692
16 0.407452 0.158654 0.006010 0.067308
16 0.496094 0.614183 0.007812 0.088942
16 0.506911 0.383413 0.007812 0.084135
16 0.543269 0.162260 0.007212 0.069712
16 0.561298 0.292067 0.008413 0.079327
16 0.567909 0.399038 0.006010 0.091346
16 0.576322 0.530048 0.008413 0.088942
15 0.373498 0.274038 0.006611 0.057692
15 0.319712 0.241587 0.006010 0.069712
15 0.422175 0.146635 0.005409 0.062500
15 0.340445 0.485577 0.007812 0.076923
15 0.522837 0.146635 0.004808 0.062500
15 0.536058 0.375000 0.008413 0.076923
15 0.490385 0.493990 0.009615 0.093750
15 0.589844 0.632212 0.011418 0.091346
15 0.573918 0.758413 0.012019 0.098558
15 0.403546 0.695913 0.007812 0.103365
