16 0.414062 0.322115 0.007212 0.072115
16 0.478365 0.213942 0.007212 0.072115
16 0.484075 0.487981 0.009014 0.081731
16 0.554688 0.353365 0.007212 0.076923
16 0.578425 0.246394 0.006611 0.069712
16 0.593450 0.341346 0.007812 0.072115
16 0.600962 0.427885 0.007212 0.086538
16 0.577825 0.483173 0.007812 0.086538
16 0.610877 0.566106 0.007812 0.088942
16 0.585938 0.646635 0.007212 0.091346
15 0.463942 0.240385 0.006010 0.076923
15 0.419772 0.323317 0.007812 0.084135
15 0.442308 0.527644 0.008413 0.093750
15 0.507812 0.383413 0.008413 0.084135
15 0.561599 0.263221 0.007812 0.069712
15 0.510517 0.818510 0.010216 0.112981
15 0.551683 0.527644 0.007212 0.093750
15 0.627103 0.653846 0.007812 0.100962
15 0.641526 0.820913 0.007812 0.108173
15 0.595252 0.407452 0.006611 0.079327
0 0.157151 0.405048 0.003005 0.016827
