15 0.230168 0.477163 0.008413 0.074519
15 0.243990 0.203125 0.006010 0.064904
15 0.296875 0.270433 0.006010 0.060096
15 0.354868 0.442308 0.009014 0.076923
15 0.316406 0.728365 0.011418 0.096154
15 0.400841 0.078125 0.004808 0.055288
15 0.498798 0.109375 0.004808 0.060096
15 0.490685 0.378606 0.007812 0.074519
15 0.550781 0.570913 0.009014 0.088942
15 0.508714 0.679087 0.010216 0.088942
16 0.538161 0.510817 0.006611 0.088942
16 0.527945 0.379808 0.007812 0.076923
16 0.532151 0.243990 0.005409 0.079327
16 0.505409 0.135817 0.007212 0.064904
16 0.424279 0.354567 0.006010 0.079327
16 0.422476 0.631010 0.009615 0.088942
16 0.368389 0.146635 0.006010 0.067308
16 0.271034 0.241587 0.006010 0.060096
16 0.243389 0.496394 0.006010 0.074519
16 0.295673 0.314904 0.006010 0.062500
