16 0.306190 0.305288 0.005409 0.072115
16 0.277945 0.239183 0.007812 0.064904
16 0.270132 0.479567 0.010216 0.088942
16 0.436599 0.631010 0.013822 0.103365
16 0.435998 0.352163 0.009014 0.084135
16 0.374700 0.146635 0.009014 0.076923
16 0.513522 0.144231 0.009014 0.072115
16 0.532752 0.252404 0.007812 0.081731
16 0.535457 0.376202 0.010817 0.079327
16 0.544772 0.512019 0.011418 0.100962
15 0.559495 0.590144 0.010817 0.103365
15 0.524038 0.698317 0.009615 0.103365
15 0.500300 0.372596 0.009014 0.081731
15 0.507212 0.115385 0.006010 0.072115
15 0.406550 0.090144 0.007812 0.069712
15 0.336538 0.724760 0.009615 0.112981
15 0.387019 0.451923 0.010817 0.086538
15 0.306190 0.266827 0.005409 0.067308
15 0.259014 0.209135 0.009615 0.072115
15 0.256611 0.466346 0.010817 0.100962
