16 0.320312 0.252404 0.006010 0.062500
16 0.359675 0.463942 0.009014 0.076923
16 0.410457 0.159856 0.006010 0.069712
16 0.383413 0.287260 0.007212 0.060096
16 0.510817 0.385817 0.006010 0.079327
16 0.501803 0.616587 0.012019 0.088942
16 0.544772 0.162260 0.006611 0.069712
16 0.564603 0.289663 0.006611 0.074519
16 0.569712 0.403846 0.007212 0.086538
16 0.579627 0.528846 0.006611 0.086538
15 0.381911 0.282452 0.006611 0.064904
15 0.425781 0.153846 0.005409 0.062500
15 0.348257 0.485577 0.006611 0.072115
15 0.326623 0.243990 0.005409 0.074519
15 0.494892 0.496394 0.006611 0.088942
15 0.523738 0.153846 0.005409 0.062500
15 0.539062 0.376202 0.004808 0.079327
15 0.579627 0.760817 0.010216 0.098558
15 0.593750 0.633413 0.008413 0.093750
15 0.409255 0.705529 0.009615 0.103365
