15 0.264724 0.210337 0.007812 0.074519
15 0.310998 0.257212 0.007812 0.072115
15 0.264123 0.469952 0.010216 0.093750
15 0.343450 0.725962 0.013822 0.105769
15 0.396635 0.459135 0.012019 0.086538
15 0.407752 0.096154 0.007812 0.062500
15 0.504207 0.365385 0.007212 0.081731
15 0.530349 0.709135 0.012620 0.110577
15 0.507212 0.116587 0.007212 0.064904
15 0.562200 0.591346 0.009014 0.100962
16 0.547776 0.515625 0.009014 0.093750
16 0.536058 0.366587 0.007212 0.084135
16 0.536058 0.256010 0.008413 0.074519
16 0.515325 0.144231 0.007812 0.067308
16 0.440204 0.350962 0.010216 0.076923
16 0.441707 0.631010 0.008413 0.098558
16 0.375901 0.144231 0.007812 0.067308
16 0.280349 0.237981 0.007812 0.067308
16 0.278546 0.475962 0.011418 0.081731
16 0.309796 0.304087 0.007812 0.069712
0 0.150240 0.409856 0.004808 0.021635
