16 0.411058 0.322115 0.007212 0.072115
16 0.475361 0.209135 0.006010 0.067308
16 0.478365 0.483173 0.008413 0.086538
16 0.549880 0.349760 0.004808 0.084135
16 0.577825 0.241587 0.005409 0.074519
16 0.574219 0.479567 0.007812 0.084135
16 0.599760 0.425481 0.007212 0.086538
16 0.592849 0.335337 0.006611 0.079327
16 0.608474 0.562500 0.009014 0.086538
16 0.582332 0.646635 0.007212 0.091346
15 0.415264 0.322115 0.007212 0.081731
15 0.461538 0.237981 0.006010 0.076923
15 0.444111 0.521635 0.009615 0.086538
15 0.503305 0.381010 0.007812 0.079327
15 0.504207 0.807692 0.009615 0.110577
15 0.552284 0.525240 0.007212 0.088942
15 0.558594 0.257212 0.006611 0.072115
15 0.594050 0.399038 0.005409 0.076923
15 0.624099 0.650240 0.010216 0.093750
15 0.638522 0.812500 0.010216 0.100962
0 0.157151 0.405048 0.004207 0.016827
