16 0.340445 0.268029 0.007812 0.064904
16 0.385216 0.461538 0.008413 0.081731
16 0.420373 0.294471 0.007812 0.069712
16 0.422175 0.162260 0.007812 0.064904
16 0.517127 0.615385 0.009014 0.091346
16 0.529147 0.412260 0.007812 0.084135
16 0.552885 0.179087 0.006010 0.064904
16 0.574219 0.302885 0.007812 0.081731
16 0.577825 0.412260 0.007812 0.084135
16 0.589243 0.537260 0.006611 0.088942
15 0.348558 0.253606 0.008413 0.074519
15 0.409856 0.296875 0.006010 0.069712
15 0.373798 0.493990 0.008413 0.088942
15 0.433894 0.170673 0.007212 0.067308
15 0.428185 0.718750 0.009014 0.100962
15 0.509615 0.503606 0.007212 0.088942
15 0.529147 0.174279 0.005409 0.060096
15 0.549880 0.381010 0.006010 0.084135
15 0.601262 0.643029 0.010216 0.093750
15 0.596755 0.766827 0.012019 0.100962
