15 0.259615 0.209135 0.007212 0.076923
15 0.305889 0.262019 0.006010 0.072115
15 0.336538 0.725962 0.009615 0.110577
15 0.389123 0.460337 0.010216 0.088942
15 0.500300 0.367788 0.009014 0.086538
15 0.406550 0.094952 0.005409 0.060096
15 0.507212 0.115385 0.008413 0.062500
15 0.558293 0.586538 0.012019 0.100962
15 0.526743 0.701923 0.010216 0.100962
15 0.257212 0.469952 0.009615 0.093750
16 0.307993 0.302885 0.009014 0.072115
16 0.278546 0.239183 0.007812 0.069712
16 0.271635 0.474760 0.007212 0.088942
16 0.437200 0.632212 0.011418 0.096154
16 0.437200 0.350962 0.007812 0.086538
16 0.374700 0.147837 0.007812 0.069712
16 0.513522 0.143029 0.007812 0.074519
16 0.533954 0.256010 0.009014 0.079327
16 0.535457 0.377404 0.008413 0.081731
16 0.545974 0.512019 0.010216 0.086538
0 0.150240 0.409856 0.004808 0.021635
