16 0.458534 0.191106 0.006010 0.069712
16 0.392728 0.310096 0.007812 0.072115
16 0.457332 0.469952 0.008413 0.079327
16 0.522236 0.332933 0.007212 0.074519
16 0.564002 0.460337 0.007812 0.079327
16 0.572115 0.225962 0.006010 0.072115
16 0.587740 0.329327 0.006010 0.076923
16 0.563401 0.623798 0.007812 0.084135
16 0.592248 0.414663 0.006611 0.084135
16 0.604567 0.564904 0.007212 0.091346
15 0.400240 0.304087 0.008413 0.079327
15 0.457332 0.213942 0.006010 0.072115
15 0.432091 0.506010 0.008413 0.084135
15 0.479868 0.789663 0.012620 0.103365
15 0.486478 0.353365 0.007812 0.076923
15 0.549579 0.229567 0.005409 0.074519
15 0.542668 0.514423 0.009615 0.086538
15 0.581731 0.385817 0.008413 0.079327
15 0.615986 0.645433 0.007212 0.093750
15 0.629808 0.775240 0.008413 0.098558
0 0.157452 0.407452 0.003606 0.016827
