16 0.318510 0.256010 0.006010 0.060096
16 0.356070 0.460337 0.007812 0.079327
16 0.407752 0.158654 0.007812 0.062500
16 0.380409 0.293269 0.004808 0.052885
16 0.507812 0.382212 0.008413 0.081731
16 0.499099 0.616587 0.006611 0.093750
16 0.544171 0.165865 0.007812 0.072115
16 0.563401 0.290865 0.007812 0.076923
16 0.569111 0.408654 0.006010 0.091346
16 0.577825 0.530048 0.007812 0.088942
15 0.322115 0.240385 0.007212 0.076923
15 0.343450 0.489183 0.009014 0.079327
15 0.378606 0.272837 0.004808 0.064904
15 0.406550 0.700721 0.012620 0.103365
15 0.424579 0.147837 0.006611 0.069712
15 0.492188 0.491587 0.008413 0.088942
15 0.536659 0.372596 0.009615 0.072115
15 0.523438 0.146635 0.006010 0.062500
15 0.592248 0.631010 0.009014 0.098558
15 0.576022 0.756010 0.010216 0.103365
0 0.150240 0.411058 0.003606 0.019231
