16 0.374700 0.290865 0.007812 0.067308
16 0.430288 0.460337 0.008413 0.079327
16 0.481070 0.310096 0.007812 0.072115
16 0.442308 0.173077 0.006010 0.062500
16 0.544171 0.615385 0.010216 0.091346
16 0.552885 0.437500 0.007212 0.086538
16 0.586538 0.411058 0.006010 0.086538
16 0.603966 0.557692 0.007212 0.091346
16 0.588341 0.324519 0.007212 0.076923
16 0.565805 0.205529 0.006611 0.074519
15 0.380409 0.281250 0.007212 0.076923
15 0.447716 0.193510 0.007212 0.069712
15 0.455829 0.331731 0.009014 0.072115
15 0.412260 0.490385 0.009615 0.086538
15 0.454928 0.763221 0.009615 0.108173
15 0.528846 0.504808 0.009615 0.081731
15 0.540264 0.206731 0.006010 0.067308
15 0.567909 0.384615 0.007212 0.081731
15 0.608474 0.647837 0.007812 0.088942
15 0.622897 0.772837 0.009014 0.108173
