15 0.295974 0.735577 0.009014 0.110577
15 0.200120 0.492788 0.007212 0.076923
15 0.338041 0.432692 0.010216 0.086538
15 0.481671 0.388221 0.009014 0.084135
15 0.490385 0.647837 0.007212 0.098558
15 0.488582 0.114183 0.006010 0.060096
15 0.393630 0.073317 0.004808 0.060096
15 0.288462 0.272837 0.004808 0.060096
15 0.548377 0.549279 0.007812 0.093750
15 0.227764 0.199519 0.006010 0.072115
16 0.220853 0.501202 0.010216 0.079327
16 0.288462 0.332933 0.007212 0.069712
16 0.421274 0.340144 0.008413 0.088942
16 0.412260 0.622596 0.008413 0.100962
16 0.262320 0.258413 0.005409 0.064904
16 0.359375 0.152644 0.006010 0.069712
16 0.526743 0.388221 0.006611 0.084135
16 0.530649 0.235577 0.007212 0.081731
16 0.534856 0.508413 0.008413 0.084135
16 0.495493 0.131010 0.006611 0.069712
