16 0.292668 0.243990 0.006010 0.064904
16 0.309796 0.461538 0.007812 0.076923
16 0.327825 0.304087 0.006611 0.060096
16 0.389724 0.147837 0.006611 0.064904
16 0.468450 0.356971 0.006611 0.084135
16 0.461538 0.626202 0.008413 0.093750
16 0.526442 0.153846 0.006010 0.072115
16 0.547175 0.272837 0.007812 0.079327
16 0.548077 0.378606 0.008413 0.079327
16 0.561599 0.524038 0.007812 0.086538
15 0.286058 0.224760 0.004808 0.064904
15 0.295373 0.477163 0.009014 0.088942
15 0.332632 0.262019 0.006611 0.072115
15 0.413462 0.118990 0.007212 0.060096
15 0.369291 0.712740 0.012620 0.103365
15 0.441106 0.474760 0.008413 0.079327
15 0.515925 0.368990 0.007812 0.079327
15 0.515325 0.125000 0.006611 0.062500
15 0.575421 0.614183 0.010216 0.093750
15 0.549579 0.736779 0.009014 0.074519
