15 0.254808 0.209135 0.007212 0.072115
15 0.247897 0.466346 0.010216 0.100962
15 0.302885 0.262019 0.007212 0.072115
15 0.375300 0.450721 0.011418 0.098558
15 0.331430 0.725962 0.012620 0.105769
15 0.405349 0.085337 0.005409 0.060096
15 0.497897 0.373798 0.006611 0.088942
15 0.504808 0.112981 0.006010 0.062500
15 0.555288 0.582933 0.008413 0.098558
15 0.520433 0.693510 0.008413 0.103365
16 0.541466 0.507212 0.007212 0.096154
16 0.532752 0.375000 0.007812 0.081731
16 0.532151 0.247596 0.006611 0.086538
16 0.511719 0.143029 0.006611 0.074519
16 0.430889 0.350962 0.008413 0.086538
16 0.430889 0.632212 0.008413 0.100962
16 0.373498 0.147837 0.006611 0.069712
16 0.274639 0.236779 0.007212 0.064904
16 0.261418 0.481971 0.008413 0.084135
16 0.303486 0.307692 0.008413 0.067308
