16 0.294772 0.308894 0.005409 0.069712
16 0.269832 0.241587 0.007212 0.064904
16 0.241587 0.493990 0.007212 0.079327
16 0.422175 0.349760 0.007812 0.084135
16 0.367188 0.146635 0.006010 0.067308
16 0.420974 0.629808 0.007812 0.091346
16 0.525841 0.382212 0.008413 0.081731
16 0.504207 0.132212 0.007212 0.067308
16 0.530950 0.241587 0.006611 0.079327
16 0.537260 0.508413 0.007212 0.088942
15 0.551082 0.568510 0.008413 0.093750
15 0.507212 0.679087 0.010817 0.093750
15 0.490385 0.379808 0.007212 0.081731
15 0.498498 0.112981 0.005409 0.062500
15 0.400541 0.076923 0.004207 0.052885
15 0.352163 0.442308 0.010817 0.076923
15 0.315505 0.727163 0.013221 0.103365
15 0.242188 0.201923 0.006010 0.072115
15 0.295974 0.268029 0.005409 0.064904
15 0.227764 0.474760 0.008413 0.074519
0 0.150541 0.409856 0.005409 0.021635
