16 0.457332 0.193510 0.007212 0.064904
16 0.391526 0.305288 0.009014 0.072115
16 0.457332 0.471154 0.008413 0.081731
16 0.519832 0.334135 0.007212 0.072115
16 0.572115 0.224760 0.007212 0.069712
16 0.587139 0.324519 0.007212 0.086538
16 0.592248 0.413462 0.006611 0.091346
16 0.563401 0.460337 0.009014 0.084135
16 0.562800 0.626202 0.009014 0.093750
16 0.604567 0.561298 0.006010 0.084135
15 0.399038 0.302885 0.008413 0.081731
15 0.456731 0.212740 0.006010 0.074519
15 0.431490 0.503606 0.007212 0.084135
15 0.485276 0.352163 0.007812 0.074519
15 0.477764 0.786058 0.010817 0.105769
15 0.540264 0.509615 0.007212 0.091346
15 0.548377 0.227163 0.005409 0.069712
15 0.580228 0.384615 0.009014 0.076923
15 0.614784 0.646635 0.007212 0.096154
15 0.629207 0.772837 0.009615 0.093750
0 0.157452 0.408654 0.004808 0.024038
