16 0.265325 0.254808 0.005409 0.072115
16 0.230769 0.496394 0.007212 0.079327
16 0.290264 0.318510 0.007212 0.079327
16 0.420373 0.349760 0.006611 0.084135
16 0.363882 0.151442 0.005409 0.067308
16 0.414964 0.631010 0.010216 0.093750
16 0.524639 0.383413 0.007212 0.093750
16 0.530950 0.239183 0.006611 0.069712
16 0.537260 0.509615 0.007212 0.096154
16 0.499700 0.132212 0.006611 0.062500
15 0.548077 0.566106 0.007212 0.098558
15 0.499099 0.662260 0.007812 0.093750
15 0.486178 0.384615 0.009615 0.086538
15 0.492788 0.111779 0.007212 0.060096
15 0.396034 0.069712 0.006010 0.057692
15 0.342849 0.433894 0.009014 0.084135
15 0.305288 0.731971 0.013221 0.103365
15 0.234976 0.205529 0.007212 0.074519
15 0.214243 0.481971 0.009014 0.069712
15 0.291166 0.281250 0.005409 0.076923
