16 0.446514 0.318510 0.006010 0.074519
16 0.506611 0.257212 0.006010 0.067308
16 0.589844 0.280048 0.006611 0.069712
16 0.563401 0.396635 0.006611 0.081731
16 0.516526 0.508413 0.006611 0.084135
16 0.590445 0.491587 0.006611 0.084135
16 0.617188 0.460337 0.007212 0.084135
16 0.606671 0.358173 0.007812 0.086538
16 0.624700 0.584135 0.011418 0.086538
16 0.615986 0.693510 0.009615 0.088942
15 0.426683 0.361779 0.008413 0.079327
15 0.441707 0.557692 0.007212 0.091346
15 0.463942 0.284856 0.007212 0.074519
15 0.521034 0.385817 0.007212 0.079327
15 0.575421 0.304087 0.006611 0.069712
15 0.557993 0.561298 0.006611 0.098558
15 0.608474 0.453125 0.007812 0.084135
15 0.517728 0.818510 0.009014 0.108173
15 0.662260 0.854567 0.008413 0.103365
15 0.629207 0.646635 0.008413 0.096154
0 0.157452 0.407452 0.006010 0.021635
