16 0.351562 0.274038 0.008413 0.067308
16 0.400240 0.457933 0.007212 0.079327
16 0.439002 0.299279 0.007812 0.074519
16 0.427284 0.165865 0.007212 0.067308
16 0.525240 0.615385 0.006010 0.091346
16 0.539062 0.421875 0.007212 0.084135
16 0.555889 0.188702 0.006010 0.069712
16 0.579026 0.314904 0.007812 0.081731
16 0.581430 0.413462 0.009014 0.086538
16 0.594050 0.540865 0.006611 0.091346
15 0.359375 0.262019 0.006010 0.076923
15 0.438401 0.175481 0.006611 0.067308
15 0.423978 0.310096 0.006611 0.072115
15 0.387921 0.496394 0.007812 0.084135
15 0.435998 0.734375 0.012620 0.103365
15 0.516226 0.503606 0.007212 0.084135
15 0.532151 0.185096 0.006611 0.067308
15 0.554988 0.382212 0.007812 0.076923
15 0.605769 0.646635 0.009615 0.091346
15 0.606070 0.770433 0.012620 0.098558
