16 0.407151 0.328125 0.007812 0.069712
16 0.472957 0.203125 0.007212 0.069712
16 0.474760 0.475962 0.007212 0.081731
16 0.576022 0.240385 0.006611 0.072115
16 0.545373 0.349760 0.009014 0.079327
16 0.592248 0.335337 0.007812 0.079327
16 0.597957 0.420673 0.008413 0.086538
16 0.572115 0.479567 0.008413 0.084135
16 0.608474 0.563702 0.009014 0.093750
16 0.578425 0.645433 0.009014 0.093750
15 0.413462 0.324519 0.008413 0.081731
15 0.462440 0.233173 0.010216 0.076923
15 0.501803 0.378606 0.007212 0.084135
15 0.500601 0.805288 0.012019 0.105769
15 0.444411 0.520433 0.007812 0.088942
15 0.556791 0.252404 0.006611 0.067308
15 0.551983 0.525240 0.007812 0.088942
15 0.622596 0.650240 0.008413 0.098558
15 0.636719 0.804087 0.010216 0.093750
15 0.593450 0.395433 0.006611 0.079327
