16 0.430288 0.319712 0.008413 0.072115
16 0.501502 0.490385 0.007812 0.081731
16 0.563401 0.377404 0.007812 0.081731
16 0.492188 0.233173 0.007212 0.072115
16 0.585337 0.258413 0.007212 0.074519
16 0.600361 0.350962 0.007212 0.081731
16 0.607873 0.443510 0.009014 0.088942
16 0.585938 0.485577 0.009615 0.091346
16 0.615385 0.568510 0.009615 0.093750
16 0.600962 0.668269 0.009615 0.100962
15 0.426082 0.343750 0.007212 0.086538
15 0.440204 0.552885 0.007812 0.096154
15 0.468450 0.258413 0.006611 0.074519
15 0.517728 0.393029 0.007812 0.079327
15 0.568510 0.281250 0.007212 0.072115
15 0.554688 0.549279 0.007212 0.093750
15 0.518329 0.824519 0.010216 0.100962
15 0.633413 0.656250 0.008413 0.100962
15 0.650240 0.858173 0.009615 0.105769
0 0.157452 0.407452 0.003606 0.016827
