15 0.349760 0.254808 0.007212 0.072115
15 0.374700 0.492788 0.009014 0.081731
15 0.411058 0.301683 0.007212 0.069712
15 0.433594 0.169471 0.006611 0.069712
15 0.429688 0.717548 0.009615 0.103365
15 0.509014 0.500000 0.007212 0.086538
15 0.529147 0.177885 0.005409 0.067308
15 0.551082 0.379808 0.007212 0.081731
15 0.601562 0.641827 0.008413 0.091346
15 0.597055 0.766827 0.011418 0.096154
16 0.386418 0.460337 0.006010 0.079327
16 0.342248 0.263221 0.005409 0.055288
16 0.421575 0.162260 0.007812 0.060096
16 0.422175 0.299279 0.006611 0.064904
16 0.530349 0.413462 0.007812 0.081731
16 0.518329 0.616587 0.006611 0.088942
16 0.552284 0.180288 0.006010 0.072115
16 0.574820 0.304087 0.007812 0.084135
16 0.577825 0.413462 0.009014 0.086538
16 0.588942 0.538462 0.009615 0.091346
0 0.152945 0.408654 0.004207 0.019231
