15 0.247296 0.209135 0.006611 0.072115
15 0.235877 0.475962 0.009014 0.081731
15 0.297175 0.270433 0.005409 0.069712
15 0.360877 0.444712 0.009014 0.072115
15 0.321514 0.724760 0.009615 0.103365
15 0.401442 0.084135 0.006010 0.052885
15 0.499700 0.112981 0.005409 0.057692
15 0.492188 0.371394 0.007212 0.084135
15 0.514123 0.680288 0.010216 0.100962
15 0.553486 0.580529 0.008413 0.098558
16 0.530950 0.241587 0.006611 0.079327
16 0.529147 0.382212 0.007812 0.076923
16 0.538462 0.506010 0.008413 0.088942
16 0.424579 0.631010 0.009014 0.088942
16 0.427284 0.349760 0.008413 0.079327
16 0.368990 0.147837 0.007212 0.064904
16 0.271635 0.240385 0.007212 0.062500
16 0.249099 0.491587 0.009014 0.084135
16 0.297175 0.307692 0.007812 0.072115
16 0.506611 0.138221 0.007212 0.069712
0 0.150541 0.409856 0.005409 0.021635
