15 0.320312 0.486779 0.007212 0.079327
15 0.355769 0.269231 0.007212 0.062500
15 0.418570 0.138221 0.005409 0.069712
15 0.387921 0.710337 0.012620 0.103365
15 0.472957 0.487981 0.010817 0.081731
15 0.520433 0.137019 0.006010 0.062500
15 0.527344 0.371394 0.006611 0.084135
15 0.584435 0.623798 0.007812 0.098558
15 0.562800 0.757212 0.010216 0.076923
15 0.304688 0.224760 0.003606 0.055288
16 0.333834 0.462740 0.005409 0.079327
16 0.303486 0.246394 0.003606 0.055288
16 0.399038 0.156250 0.007212 0.057692
16 0.479868 0.615385 0.005409 0.086538
16 0.490385 0.371394 0.007212 0.084135
16 0.536058 0.159856 0.006010 0.064904
16 0.554688 0.287260 0.006010 0.074519
16 0.559195 0.393029 0.006611 0.079327
16 0.571514 0.530048 0.007212 0.088942
16 0.350962 0.290865 0.006010 0.067308
