16 0.429688 0.522837 0.009615 0.084135
16 0.531550 0.349760 0.007812 0.079327
16 0.539663 0.637019 0.008413 0.086538
16 0.584135 0.510817 0.007212 0.093750
16 0.629808 0.318510 0.007212 0.069712
16 0.588942 0.677885 0.007212 0.105769
16 0.677284 0.427885 0.008413 0.105769
16 0.661058 0.647837 0.006010 0.093750
16 0.703425 0.608173 0.009014 0.086538
16 0.692909 0.763221 0.007212 0.098558
15 0.447115 0.295673 0.006010 0.072115
15 0.416767 0.513221 0.007812 0.098558
15 0.505709 0.635817 0.010216 0.103365
15 0.483173 0.754808 0.010817 0.086538
15 0.526142 0.509615 0.010216 0.086538
15 0.605168 0.341346 0.007212 0.076923
15 0.602464 0.616587 0.011418 0.103365
15 0.652344 0.585337 0.007812 0.093750
15 0.658954 0.662260 0.006611 0.098558
15 0.667969 0.774038 0.010216 0.105769
