16 0.334736 0.260817 0.007212 0.060096
16 0.378606 0.460337 0.007212 0.074519
16 0.410457 0.292067 0.006010 0.074519
16 0.418269 0.163462 0.006010 0.062500
16 0.513522 0.614183 0.007812 0.093750
16 0.523738 0.407452 0.009014 0.079327
16 0.585938 0.534856 0.009615 0.088942
16 0.576022 0.409856 0.006611 0.084135
16 0.571514 0.305288 0.007212 0.081731
16 0.549880 0.177885 0.006010 0.067308
15 0.342248 0.250000 0.007812 0.072115
15 0.365986 0.491587 0.008413 0.088942
15 0.401743 0.293269 0.006611 0.072115
15 0.431190 0.164663 0.006611 0.069712
15 0.422175 0.715144 0.013822 0.103365
15 0.505709 0.500000 0.010216 0.086538
15 0.546575 0.378606 0.009014 0.079327
15 0.526442 0.168269 0.007212 0.072115
15 0.599760 0.643029 0.009615 0.093750
15 0.591647 0.763221 0.011418 0.103365
