15 0.232272 0.201923 0.006611 0.062500
15 0.207933 0.489183 0.006010 0.079327
15 0.289663 0.274038 0.006010 0.062500
15 0.339844 0.435096 0.007812 0.086538
15 0.300180 0.727163 0.009014 0.098558
15 0.395433 0.069712 0.006010 0.057692
15 0.483474 0.383413 0.006611 0.088942
15 0.494892 0.658654 0.009014 0.091346
15 0.548077 0.555288 0.007212 0.096154
15 0.490986 0.109375 0.004808 0.055288
16 0.264123 0.260817 0.005409 0.055288
16 0.225962 0.490385 0.007212 0.081731
16 0.361478 0.152644 0.006611 0.064904
16 0.289663 0.329327 0.007212 0.062500
16 0.420974 0.349760 0.005409 0.079327
16 0.413462 0.631010 0.007212 0.098558
16 0.531250 0.237981 0.006010 0.076923
16 0.524339 0.385817 0.006611 0.093750
16 0.536058 0.508413 0.006010 0.098558
