16 0.310998 0.252404 0.006611 0.062500
16 0.347356 0.460337 0.008413 0.084135
16 0.367188 0.287260 0.007212 0.064904
16 0.404147 0.158654 0.007812 0.062500
16 0.492188 0.615385 0.010817 0.091346
16 0.500901 0.376202 0.006611 0.084135
16 0.540264 0.159856 0.006010 0.069712
16 0.559195 0.288462 0.007812 0.081731
16 0.565505 0.397837 0.009615 0.084135
16 0.576022 0.528846 0.007812 0.086538
15 0.316106 0.237981 0.008413 0.076923
15 0.369892 0.271635 0.005409 0.072115
15 0.421575 0.144231 0.005409 0.067308
15 0.334135 0.485577 0.007212 0.091346
15 0.484075 0.490385 0.010216 0.086538
15 0.397837 0.699519 0.012019 0.100962
15 0.532151 0.371394 0.006611 0.069712
15 0.587139 0.628606 0.008413 0.088942
15 0.569712 0.756010 0.009615 0.093750
15 0.522236 0.141827 0.007212 0.062500
0 0.150240 0.411058 0.004808 0.024038
