16 0.369591 0.466346 0.008413 0.086538
16 0.327825 0.257212 0.007812 0.067308
16 0.414062 0.159856 0.006010 0.064904
16 0.397837 0.288462 0.006010 0.072115
16 0.507212 0.615385 0.012019 0.091346
16 0.580829 0.530048 0.010216 0.084135
16 0.515325 0.396635 0.009014 0.081731
16 0.572115 0.411058 0.009615 0.081731
16 0.569111 0.294471 0.007212 0.084135
16 0.547776 0.171875 0.006611 0.069712
15 0.334736 0.247596 0.008413 0.072115
15 0.428486 0.162260 0.007212 0.064904
15 0.392127 0.287260 0.006611 0.069712
15 0.357272 0.490385 0.009014 0.081731
15 0.415264 0.707933 0.013221 0.098558
15 0.499700 0.500000 0.010216 0.086538
15 0.541466 0.377404 0.008413 0.081731
15 0.524038 0.159856 0.007212 0.060096
15 0.595252 0.637019 0.009014 0.100962
15 0.585938 0.758413 0.007212 0.103365
0 0.150240 0.407452 0.003606 0.021635
