16 0.316707 0.302885 0.006010 0.062500
16 0.285156 0.242788 0.005409 0.067308
16 0.291466 0.473558 0.010817 0.076923
16 0.381911 0.149038 0.006611 0.062500
16 0.451623 0.354567 0.009014 0.079327
16 0.450721 0.628606 0.009615 0.098558
16 0.519832 0.146635 0.007212 0.067308
16 0.539663 0.258413 0.007212 0.079327
16 0.540865 0.373798 0.008413 0.079327
16 0.554988 0.518029 0.009014 0.093750
15 0.273738 0.222356 0.006611 0.069712
15 0.277945 0.472356 0.011418 0.093750
15 0.319712 0.258413 0.007212 0.064904
15 0.416466 0.465144 0.009615 0.084135
15 0.353365 0.716346 0.009615 0.100962
15 0.411058 0.105769 0.006010 0.052885
15 0.568209 0.600962 0.007812 0.100962
15 0.538462 0.716346 0.012019 0.100962
15 0.509615 0.366587 0.008413 0.084135
15 0.510817 0.116587 0.006010 0.064904
