16 0.310697 0.301683 0.007212 0.074519
16 0.281250 0.239183 0.007212 0.055288
16 0.280349 0.475962 0.011418 0.081731
16 0.378305 0.146635 0.006611 0.067308
16 0.442007 0.350962 0.009014 0.081731
16 0.443510 0.628606 0.010817 0.098558
16 0.516526 0.144231 0.007812 0.067308
16 0.536358 0.253606 0.007812 0.074519
16 0.537260 0.371394 0.007212 0.084135
16 0.550481 0.513221 0.010817 0.093750
15 0.509615 0.116587 0.006010 0.064904
15 0.564002 0.591346 0.009014 0.096154
15 0.531250 0.716346 0.012019 0.105769
15 0.504507 0.370192 0.010216 0.081731
15 0.399038 0.460337 0.010817 0.084135
15 0.409555 0.097356 0.007812 0.069712
15 0.312800 0.262019 0.009014 0.067308
15 0.266526 0.212740 0.009014 0.074519
15 0.265925 0.469952 0.009014 0.084135
15 0.344952 0.722356 0.010817 0.103365
