16 0.432392 0.509615 0.009014 0.086538
16 0.530950 0.347356 0.007812 0.079327
16 0.538462 0.632212 0.008413 0.096154
16 0.584135 0.507212 0.007212 0.096154
16 0.628305 0.319712 0.006611 0.076923
16 0.676683 0.427885 0.009615 0.100962
16 0.586538 0.676683 0.008413 0.098558
16 0.702825 0.610577 0.011418 0.096154
16 0.693510 0.756010 0.007212 0.093750
16 0.657151 0.647837 0.009014 0.093750
15 0.419171 0.506010 0.009014 0.093750
15 0.447115 0.300481 0.007212 0.076923
15 0.507512 0.635817 0.011418 0.098558
15 0.488582 0.740385 0.013221 0.091346
15 0.527644 0.507212 0.009615 0.086538
15 0.596154 0.622596 0.013221 0.100962
15 0.603365 0.341346 0.006010 0.072115
15 0.650240 0.582933 0.007212 0.088942
15 0.669171 0.763221 0.007812 0.103365
15 0.656550 0.663462 0.007812 0.100962
0 0.518930 0.645433 0.005409 0.026442
