16 0.440204 0.320913 0.007812 0.079327
16 0.501502 0.248798 0.007812 0.074519
16 0.511719 0.504808 0.007812 0.086538
16 0.565204 0.390625 0.007812 0.084135
16 0.587740 0.274038 0.006010 0.072115
16 0.603966 0.353365 0.007212 0.081731
16 0.590445 0.487981 0.007812 0.091346
16 0.611478 0.456731 0.007812 0.086538
16 0.621695 0.570913 0.007812 0.088942
16 0.609075 0.679087 0.007812 0.098558
15 0.425481 0.352163 0.008413 0.088942
15 0.442608 0.562500 0.007812 0.086538
15 0.468450 0.275240 0.006611 0.069712
15 0.520733 0.390625 0.006611 0.074519
15 0.572115 0.294471 0.006010 0.069712
15 0.556490 0.556490 0.007212 0.088942
15 0.519231 0.826923 0.010817 0.100962
15 0.632212 0.651442 0.007212 0.096154
15 0.657452 0.861779 0.009615 0.108173
15 0.603966 0.442308 0.007212 0.081731
