16 0.434796 0.317308 0.007812 0.072115
16 0.496695 0.237981 0.007812 0.067308
16 0.506010 0.498798 0.008413 0.084135
16 0.564603 0.382212 0.006611 0.086538
16 0.585938 0.264423 0.006010 0.072115
16 0.601562 0.349760 0.007212 0.079327
16 0.609675 0.445913 0.007812 0.084135
16 0.586538 0.485577 0.009615 0.086538
16 0.618389 0.568510 0.007212 0.084135
16 0.604567 0.669471 0.006010 0.088942
15 0.425481 0.349760 0.007212 0.084135
15 0.440805 0.552885 0.007812 0.091346
15 0.468750 0.268029 0.007212 0.079327
15 0.519531 0.396635 0.006611 0.081731
15 0.570312 0.289663 0.007212 0.069712
15 0.600661 0.435096 0.006611 0.081731
15 0.555589 0.555288 0.006611 0.096154
15 0.518930 0.826923 0.011418 0.096154
15 0.633413 0.653846 0.008413 0.091346
15 0.652644 0.865385 0.009615 0.096154
