16 0.443510 0.436298 0.007212 0.069712
16 0.527344 0.323317 0.005409 0.084135
16 0.527344 0.597356 0.007812 0.084135
16 0.576623 0.475962 0.010216 0.081731
16 0.622897 0.323317 0.010216 0.074519
16 0.655950 0.429087 0.007812 0.079327
16 0.677885 0.584135 0.013221 0.096154
16 0.673978 0.741587 0.010216 0.098558
16 0.587139 0.610577 0.008413 0.096154
15 0.447115 0.300481 0.007212 0.072115
15 0.423377 0.437500 0.009014 0.086538
15 0.494591 0.584135 0.007212 0.081731
15 0.523438 0.475962 0.007212 0.081731
15 0.499700 0.729567 0.007812 0.103365
15 0.581731 0.599760 0.007212 0.079327
15 0.597055 0.342548 0.007812 0.069712
15 0.641526 0.552885 0.010216 0.091346
15 0.649038 0.661058 0.007212 0.096154
15 0.681490 0.783654 0.009615 0.096154
16 0.644832 0.650240 0.006010 0.084135
