16 0.385817 0.301683 0.006010 0.074519
16 0.448618 0.459135 0.006611 0.086538
16 0.451623 0.180288 0.005409 0.062500
16 0.506611 0.323317 0.007212 0.079327
16 0.570913 0.216346 0.007212 0.072115
16 0.561599 0.449519 0.009014 0.086538
16 0.555889 0.623798 0.010817 0.088942
16 0.590445 0.330529 0.006611 0.079327
16 0.589844 0.413462 0.007812 0.086538
16 0.605469 0.562500 0.007812 0.086538
15 0.393029 0.296875 0.007212 0.079327
15 0.453726 0.207933 0.006010 0.069712
15 0.476262 0.346154 0.009014 0.076923
15 0.425180 0.501202 0.007812 0.079327
15 0.468750 0.780048 0.008413 0.103365
15 0.537260 0.509615 0.006010 0.086538
15 0.545974 0.221154 0.006611 0.067308
15 0.576623 0.384615 0.009014 0.081731
15 0.628305 0.778846 0.006611 0.096154
15 0.612079 0.641827 0.006611 0.100962
