16 0.273438 0.240385 0.008413 0.067308
16 0.253906 0.485577 0.009014 0.086538
16 0.298978 0.304087 0.006611 0.074519
16 0.371695 0.145433 0.007812 0.074519
16 0.429087 0.631010 0.010817 0.103365
16 0.428486 0.350962 0.006010 0.091346
16 0.507812 0.138221 0.007212 0.069712
16 0.532151 0.247596 0.006611 0.086538
16 0.530950 0.379808 0.009014 0.081731
16 0.539663 0.513221 0.009615 0.093750
15 0.404147 0.080529 0.005409 0.060096
15 0.250300 0.209135 0.007812 0.072115
15 0.242188 0.471154 0.010817 0.096154
15 0.369591 0.448317 0.009615 0.084135
15 0.325421 0.728365 0.013822 0.110577
15 0.494892 0.370192 0.010216 0.096154
15 0.515925 0.692308 0.011418 0.100962
15 0.554688 0.581731 0.009615 0.100962
15 0.501502 0.112981 0.005409 0.062500
15 0.301082 0.265625 0.006010 0.069712
