15 0.292368 0.271635 0.006611 0.062500
15 0.237079 0.201923 0.005409 0.072115
15 0.218450 0.479567 0.007812 0.074519
15 0.307692 0.730769 0.012019 0.100962
15 0.344952 0.443510 0.009615 0.084135
15 0.397837 0.070913 0.006010 0.060096
15 0.494892 0.110577 0.005409 0.057692
15 0.487079 0.382212 0.007812 0.081731
15 0.549279 0.564904 0.008413 0.096154
15 0.501202 0.669471 0.012019 0.088942
16 0.531851 0.237981 0.007212 0.076923
16 0.524940 0.384615 0.007812 0.081731
16 0.536959 0.508413 0.006611 0.093750
16 0.421575 0.349760 0.007812 0.079327
16 0.416767 0.629808 0.010216 0.091346
16 0.364784 0.151442 0.007212 0.062500
16 0.267428 0.248798 0.007212 0.064904
16 0.232873 0.495192 0.009014 0.081731
16 0.291466 0.318510 0.007212 0.069712
