15 0.249700 0.209135 0.007812 0.072115
15 0.298377 0.262019 0.005409 0.072115
15 0.240986 0.475962 0.009615 0.081731
15 0.365986 0.449519 0.009615 0.086538
15 0.323918 0.725962 0.014423 0.105769
15 0.403546 0.076923 0.007812 0.052885
15 0.500901 0.111779 0.006611 0.060096
15 0.493389 0.371394 0.008413 0.084135
15 0.554688 0.578125 0.008413 0.103365
15 0.515325 0.686298 0.011418 0.103365
16 0.538462 0.512019 0.009615 0.091346
16 0.530349 0.381010 0.007812 0.084135
16 0.530950 0.242788 0.007812 0.081731
16 0.427284 0.631010 0.009615 0.103365
16 0.507212 0.137019 0.007212 0.072115
16 0.427284 0.350962 0.007212 0.081731
16 0.371094 0.145433 0.007812 0.069712
16 0.273438 0.237981 0.007212 0.072115
16 0.252103 0.489183 0.009014 0.088942
16 0.297776 0.307692 0.007812 0.072115
0 0.150240 0.409856 0.004808 0.021635
