16 0.441106 0.318510 0.007212 0.069712
16 0.502103 0.253606 0.005409 0.069712
16 0.512921 0.504808 0.007812 0.086538
16 0.565204 0.389423 0.007812 0.081731
16 0.588341 0.278846 0.007212 0.072115
16 0.603966 0.354567 0.007212 0.079327
16 0.589844 0.487981 0.005409 0.091346
16 0.612079 0.456731 0.009014 0.086538
16 0.622897 0.576923 0.007812 0.100962
16 0.610276 0.680288 0.009014 0.096154
15 0.425481 0.353365 0.008413 0.081731
15 0.467248 0.274038 0.006611 0.072115
15 0.442608 0.560096 0.006611 0.086538
15 0.521034 0.390625 0.006010 0.079327
15 0.573017 0.295673 0.005409 0.072115
16 0.557692 0.557692 0.008413 0.091346
15 0.519231 0.825721 0.009615 0.103365
15 0.631611 0.655048 0.007212 0.093750
15 0.658353 0.861779 0.010216 0.098558
15 0.604868 0.443510 0.006611 0.079327
