16 0.349760 0.271635 0.007212 0.062500
16 0.396034 0.460337 0.006010 0.084135
16 0.434195 0.296875 0.007812 0.084135
16 0.426683 0.165865 0.008413 0.062500
16 0.523438 0.615385 0.010817 0.091346
16 0.536659 0.414663 0.006010 0.088942
16 0.581130 0.412260 0.009615 0.088942
16 0.591647 0.543269 0.007812 0.086538
16 0.578425 0.311298 0.007812 0.074519
16 0.555288 0.189904 0.008413 0.067308
15 0.356671 0.259615 0.007812 0.072115
15 0.436899 0.176683 0.006010 0.064904
15 0.420373 0.307692 0.009014 0.072115
15 0.384014 0.495192 0.009615 0.086538
15 0.434796 0.725962 0.007812 0.105769
15 0.514123 0.502404 0.006611 0.086538
15 0.531250 0.179087 0.004808 0.064904
15 0.553786 0.383413 0.007812 0.079327
15 0.605469 0.644231 0.009014 0.100962
15 0.604868 0.765625 0.011418 0.093750
