16 0.368990 0.287260 0.006010 0.064904
16 0.421575 0.459135 0.006611 0.076923
16 0.437800 0.171875 0.005409 0.069712
16 0.469050 0.306490 0.005409 0.074519
16 0.563401 0.194712 0.005409 0.067308
16 0.550481 0.429087 0.006010 0.079327
16 0.539663 0.614183 0.004808 0.093750
16 0.586538 0.323317 0.007212 0.079327
16 0.585337 0.413462 0.004808 0.081731
16 0.600962 0.554087 0.007212 0.084135
15 0.618990 0.769231 0.009615 0.086538
15 0.606671 0.655048 0.007812 0.069712
15 0.537861 0.198317 0.004808 0.064904
15 0.564002 0.383413 0.005409 0.074519
15 0.449820 0.756010 0.010216 0.098558
15 0.445913 0.324519 0.004808 0.072115
15 0.444712 0.189904 0.006010 0.067308
15 0.405950 0.490385 0.006611 0.076923
15 0.374700 0.274038 0.005409 0.067308
15 0.524038 0.503606 0.006010 0.084135
0 0.156550 0.403846 0.004207 0.019231
