16 0.391526 0.304087 0.006611 0.064904
16 0.454627 0.463942 0.006611 0.081731
16 0.455829 0.189904 0.009014 0.062500
16 0.516526 0.324519 0.007812 0.076923
16 0.564002 0.457933 0.007812 0.084135
16 0.562200 0.622596 0.010216 0.086538
16 0.606070 0.561298 0.006611 0.084135
16 0.590445 0.413462 0.007812 0.086538
16 0.587740 0.328125 0.007212 0.084135
16 0.572115 0.223558 0.006010 0.072115
15 0.397236 0.302885 0.007212 0.081731
15 0.456430 0.212740 0.006611 0.069712
15 0.429688 0.506010 0.006010 0.084135
15 0.483474 0.358173 0.006611 0.076923
15 0.475060 0.786058 0.006611 0.105769
15 0.540865 0.514423 0.007212 0.091346
15 0.548678 0.227163 0.006010 0.069712
15 0.580228 0.387019 0.009014 0.076923
15 0.613582 0.646635 0.008413 0.096154
15 0.629207 0.777644 0.009615 0.103365
