16 0.452825 0.371394 0.006611 0.069712
16 0.521635 0.304087 0.008413 0.074519
16 0.515325 0.569712 0.007812 0.086538
16 0.563401 0.430288 0.007812 0.081731
16 0.609075 0.310096 0.006611 0.072115
16 0.629207 0.407452 0.008413 0.079327
16 0.587740 0.585337 0.009615 0.093750
16 0.650240 0.522837 0.008413 0.088942
16 0.630409 0.637019 0.007212 0.086538
16 0.646635 0.739183 0.009615 0.098558
15 0.428486 0.401442 0.009615 0.091346
15 0.452825 0.304087 0.007812 0.079327
15 0.463942 0.573317 0.007212 0.079327
15 0.522236 0.431490 0.007212 0.079327
15 0.512320 0.757212 0.009014 0.100962
15 0.567308 0.633413 0.009615 0.093750
15 0.587740 0.334135 0.007212 0.076923
15 0.626502 0.513221 0.007812 0.084135
15 0.625300 0.657452 0.010216 0.093750
15 0.672776 0.817308 0.011418 0.105769
0 0.445312 0.102163 0.007212 0.026442
