16 0.455829 0.347356 0.006611 0.069712
16 0.516526 0.290865 0.007812 0.076923
16 0.562200 0.413462 0.009014 0.072115
16 0.512320 0.551683 0.009014 0.088942
16 0.589844 0.537260 0.007812 0.079327
16 0.600361 0.306490 0.009615 0.074519
16 0.619591 0.387019 0.007212 0.076923
16 0.635216 0.492788 0.008413 0.081731
16 0.632812 0.615385 0.009615 0.086538
16 0.623498 0.741587 0.010216 0.093750
15 0.431490 0.390625 0.007212 0.093750
15 0.458534 0.304087 0.007212 0.074519
15 0.445012 0.563702 0.009014 0.088942
15 0.524940 0.413462 0.006611 0.081731
15 0.519231 0.777644 0.009615 0.103365
15 0.557993 0.598558 0.006611 0.096154
15 0.582332 0.323317 0.006010 0.074519
15 0.619892 0.485577 0.007812 0.076923
15 0.621394 0.649038 0.008413 0.100962
15 0.668570 0.819712 0.007812 0.105769
