16 0.361478 0.276442 0.006611 0.062500
16 0.412861 0.454327 0.008413 0.086538
16 0.455228 0.299279 0.009014 0.074519
16 0.432692 0.168269 0.006010 0.072115
16 0.533353 0.614183 0.007812 0.093750
16 0.545974 0.427885 0.009014 0.081731
16 0.584736 0.413462 0.007212 0.086538
16 0.597957 0.549279 0.007212 0.088942
16 0.583534 0.320913 0.007212 0.084135
16 0.560397 0.193510 0.006611 0.069712
15 0.368089 0.269231 0.007812 0.076923
15 0.442608 0.183894 0.007812 0.069712
15 0.436599 0.319712 0.007812 0.076923
15 0.398438 0.496394 0.009615 0.084135
15 0.444411 0.747596 0.012620 0.100962
15 0.535156 0.191106 0.005409 0.060096
15 0.520733 0.504808 0.009014 0.086538
15 0.561298 0.381010 0.008413 0.079327
15 0.607272 0.659856 0.010216 0.069712
15 0.614183 0.770433 0.008413 0.093750
