16 0.430889 0.522837 0.009615 0.088942
16 0.531550 0.348558 0.006611 0.076923
16 0.539062 0.637019 0.009615 0.086538
16 0.584736 0.508413 0.008413 0.088942
16 0.587740 0.674279 0.007212 0.098558
16 0.629808 0.318510 0.007212 0.074519
16 0.677885 0.429087 0.009615 0.103365
16 0.703425 0.610577 0.007812 0.086538
16 0.659856 0.646635 0.009615 0.096154
16 0.692909 0.762019 0.007212 0.100962
15 0.447716 0.299279 0.006010 0.079327
15 0.417969 0.508413 0.009014 0.093750
15 0.506611 0.633413 0.010817 0.088942
15 0.527344 0.508413 0.010216 0.084135
15 0.484976 0.752404 0.012019 0.081731
15 0.600661 0.616587 0.011418 0.098558
15 0.604868 0.341346 0.005409 0.081731
15 0.652344 0.582933 0.006611 0.093750
15 0.667668 0.774038 0.008413 0.105769
15 0.658353 0.663462 0.007812 0.100962
