16 0.459736 0.192308 0.006010 0.067308
16 0.394832 0.311298 0.007212 0.069712
16 0.458534 0.471154 0.007212 0.081731
16 0.523438 0.332933 0.007212 0.074519
16 0.565204 0.459135 0.007812 0.086538
16 0.593450 0.417067 0.005409 0.084135
16 0.588341 0.323317 0.007212 0.074519
16 0.573317 0.225962 0.006010 0.072115
16 0.605469 0.564904 0.007812 0.091346
16 0.566106 0.627404 0.007212 0.091346
15 0.401142 0.307692 0.010216 0.086538
15 0.457933 0.216346 0.006010 0.072115
15 0.487981 0.360577 0.008413 0.072115
15 0.550481 0.233173 0.006010 0.072115
15 0.480769 0.792067 0.012019 0.112981
15 0.433293 0.506010 0.010817 0.088942
15 0.543870 0.518029 0.009615 0.093750
15 0.581731 0.388221 0.007212 0.079327
15 0.615986 0.646635 0.006010 0.096154
15 0.631310 0.777644 0.007812 0.112981
