16 0.440805 0.467548 0.009014 0.074519
16 0.532452 0.611779 0.007212 0.088942
16 0.530649 0.336538 0.007212 0.076923
16 0.584135 0.493990 0.010817 0.088942
16 0.692909 0.602163 0.013221 0.084135
16 0.670072 0.435096 0.007212 0.086538
16 0.628005 0.324519 0.007212 0.076923
16 0.687200 0.750000 0.009014 0.091346
16 0.649038 0.657452 0.010817 0.084135
15 0.447716 0.299279 0.006010 0.074519
15 0.423077 0.465144 0.008413 0.079327
15 0.495192 0.728365 0.009615 0.100962
15 0.506310 0.610577 0.010216 0.081731
15 0.528245 0.497596 0.008413 0.076923
15 0.601262 0.337740 0.007812 0.069712
15 0.647536 0.573317 0.009014 0.088942
15 0.654447 0.665865 0.008413 0.100962
15 0.585036 0.618990 0.011418 0.055288
16 0.587740 0.655048 0.008413 0.074519
15 0.679087 0.771635 0.013221 0.076923
