16 0.270433 0.241587 0.007212 0.060096
16 0.296575 0.310096 0.007812 0.072115
16 0.243990 0.491587 0.008413 0.079327
16 0.423978 0.352163 0.007812 0.088942
16 0.368389 0.147837 0.008413 0.074519
16 0.422175 0.632212 0.010216 0.091346
16 0.505409 0.133413 0.007212 0.064904
16 0.530950 0.240385 0.007812 0.076923
16 0.528546 0.382212 0.006611 0.076923
16 0.538462 0.508413 0.006010 0.084135
15 0.551683 0.568510 0.008413 0.098558
15 0.509615 0.679087 0.008413 0.093750
15 0.491587 0.377404 0.007212 0.081731
15 0.499099 0.108173 0.006611 0.052885
15 0.400841 0.079327 0.006010 0.062500
15 0.357873 0.444712 0.009014 0.086538
15 0.318510 0.725962 0.008413 0.110577
15 0.231671 0.474760 0.007812 0.084135
15 0.244591 0.205529 0.007212 0.074519
15 0.296575 0.272837 0.007812 0.069712
0 0.150240 0.408654 0.004808 0.019231
