16 0.383413 0.301683 0.007212 0.069712
16 0.444712 0.460337 0.009615 0.079327
16 0.448317 0.177885 0.006010 0.067308
16 0.499700 0.316106 0.007812 0.079327
16 0.554087 0.615385 0.007212 0.091346
16 0.559796 0.444712 0.007812 0.081731
16 0.569712 0.215144 0.007212 0.069712
16 0.591046 0.326923 0.006611 0.086538
16 0.587139 0.413462 0.006010 0.081731
16 0.605469 0.562500 0.007812 0.086538
15 0.390325 0.293269 0.007812 0.076923
15 0.452825 0.203125 0.006611 0.069712
15 0.422175 0.498798 0.010216 0.084135
15 0.471454 0.343750 0.006611 0.072115
15 0.465445 0.780048 0.010216 0.103365
15 0.533954 0.507212 0.007812 0.086538
15 0.544171 0.217548 0.007812 0.069712
15 0.574219 0.385817 0.007812 0.084135
15 0.609075 0.645433 0.009014 0.098558
15 0.627103 0.775240 0.007812 0.098558
0 0.157452 0.406250 0.004808 0.019231
