16 0.445312 0.319712 0.007212 0.076923
16 0.506611 0.257212 0.006010 0.072115
16 0.516526 0.506010 0.007812 0.079327
16 0.564603 0.394231 0.009014 0.076923
16 0.588942 0.282452 0.007212 0.069712
16 0.606070 0.359375 0.007812 0.084135
16 0.590445 0.491587 0.006611 0.084135
16 0.615986 0.462740 0.007212 0.084135
16 0.624099 0.581731 0.010216 0.091346
16 0.614784 0.687500 0.007212 0.086538
15 0.425781 0.362981 0.009014 0.081731
15 0.465144 0.282452 0.007212 0.074519
15 0.442308 0.560096 0.007212 0.086538
15 0.520733 0.390625 0.006611 0.074519
15 0.574820 0.302885 0.006611 0.067308
15 0.518329 0.823317 0.010216 0.103365
15 0.557091 0.558894 0.007212 0.093750
15 0.608474 0.454327 0.007812 0.081731
15 0.662260 0.856971 0.008413 0.098558
15 0.629808 0.652644 0.008413 0.098558
