16 0.455228 0.343750 0.006611 0.062500
16 0.515925 0.287260 0.006611 0.074519
16 0.514123 0.546875 0.006611 0.084135
16 0.563401 0.413462 0.006611 0.081731
16 0.599159 0.304087 0.007212 0.074519
16 0.617188 0.382212 0.009615 0.076923
16 0.588341 0.534856 0.008413 0.079327
16 0.632212 0.487981 0.009615 0.081731
16 0.632812 0.616587 0.010817 0.088942
16 0.617788 0.740385 0.010817 0.096154
15 0.460036 0.301683 0.006611 0.074519
15 0.431490 0.388221 0.007212 0.084135
15 0.441106 0.561298 0.008413 0.079327
15 0.520132 0.789663 0.010216 0.112981
15 0.524940 0.411058 0.007812 0.076923
15 0.556490 0.592548 0.007212 0.088942
15 0.582632 0.320913 0.006611 0.079327
15 0.618690 0.481971 0.007812 0.084135
15 0.622296 0.653846 0.009014 0.091346
15 0.668269 0.820913 0.008413 0.098558
