16 0.450421 0.396635 0.007812 0.081731
16 0.523438 0.310096 0.008413 0.072115
16 0.518630 0.581731 0.009615 0.086538
16 0.567308 0.444712 0.008413 0.081731
16 0.613281 0.318510 0.011418 0.079327
16 0.635216 0.412260 0.008413 0.084135
16 0.661058 0.542067 0.009615 0.103365
16 0.589243 0.606971 0.010216 0.103365
16 0.657151 0.737981 0.011418 0.105769
15 0.426082 0.413462 0.007212 0.091346
15 0.449820 0.301683 0.007812 0.074519
15 0.475361 0.581731 0.007212 0.081731
15 0.521635 0.444712 0.006010 0.072115
15 0.507212 0.748798 0.009615 0.103365
15 0.574219 0.640625 0.013822 0.093750
15 0.591647 0.332933 0.009014 0.074519
15 0.632212 0.526442 0.008413 0.081731
15 0.631611 0.659856 0.009615 0.093750
15 0.677885 0.802885 0.009615 0.096154
0 0.496995 0.221154 0.004808 0.024038
