16 0.484075 0.217548 0.006611 0.069712
16 0.490385 0.491587 0.007212 0.079327
16 0.591046 0.658654 0.007812 0.091346
16 0.612981 0.564904 0.008413 0.091346
16 0.579627 0.481971 0.006611 0.084135
16 0.603365 0.429087 0.007212 0.084135
16 0.595853 0.348558 0.007812 0.081731
16 0.580829 0.254808 0.005409 0.072115
16 0.559796 0.360577 0.005409 0.076923
15 0.422776 0.332933 0.009014 0.074519
15 0.441106 0.538462 0.008413 0.086538
15 0.466647 0.248798 0.006611 0.069712
15 0.513522 0.389423 0.007812 0.081731
15 0.564002 0.272837 0.006611 0.069712
15 0.596755 0.413462 0.006010 0.076923
15 0.550481 0.538462 0.007212 0.096154
15 0.516526 0.820913 0.012620 0.112981
15 0.629207 0.661058 0.008413 0.100962
15 0.645433 0.834135 0.010817 0.100962
0 0.157452 0.403846 0.003606 0.014423
