16 0.447115 0.322115 0.006010 0.072115
16 0.507212 0.259615 0.007212 0.067308
16 0.517127 0.509615 0.006611 0.091346
16 0.564002 0.397837 0.007812 0.079327
16 0.589844 0.282452 0.006611 0.069712
16 0.606671 0.361779 0.006611 0.079327
16 0.591046 0.493990 0.009014 0.084135
16 0.617788 0.465144 0.007212 0.084135
16 0.624700 0.585337 0.010216 0.093750
16 0.615385 0.693510 0.008413 0.093750
15 0.464543 0.289663 0.007212 0.079327
15 0.427584 0.362981 0.007812 0.081731
15 0.441406 0.563702 0.007812 0.093750
15 0.518930 0.822115 0.010216 0.110577
15 0.521034 0.390625 0.006010 0.074519
15 0.557692 0.563702 0.007212 0.098558
15 0.575120 0.302885 0.006010 0.067308
15 0.609375 0.456731 0.008413 0.081731
15 0.629507 0.652644 0.009014 0.093750
15 0.662560 0.855769 0.010216 0.110577
