16 0.305889 0.246394 0.007212 0.055288
16 0.357272 0.287260 0.007812 0.060096
16 0.339243 0.467548 0.010216 0.074519
16 0.401743 0.156250 0.006611 0.062500
16 0.484075 0.615385 0.011418 0.081731
16 0.496094 0.372596 0.007812 0.086538
16 0.538462 0.162260 0.006010 0.064904
16 0.555889 0.287260 0.007212 0.079327
16 0.561599 0.391827 0.007812 0.086538
16 0.572716 0.527644 0.008413 0.084135
15 0.361779 0.272837 0.006010 0.064904
15 0.310397 0.236779 0.006611 0.069712
15 0.326322 0.483173 0.008413 0.081731
15 0.420072 0.141827 0.004808 0.062500
15 0.392728 0.700721 0.007812 0.098558
15 0.477764 0.485577 0.007212 0.086538
15 0.586538 0.627404 0.010817 0.091346
15 0.565805 0.753606 0.012620 0.084135
15 0.530349 0.372596 0.009014 0.081731
15 0.521334 0.139423 0.005409 0.057692
