16 0.408353 0.324519 0.006611 0.072115
16 0.474159 0.210337 0.006010 0.064904
16 0.477764 0.477163 0.007212 0.074519
16 0.547175 0.354567 0.007812 0.084135
16 0.576623 0.241587 0.007812 0.074519
16 0.592849 0.334135 0.006611 0.072115
16 0.598558 0.425481 0.007212 0.086538
16 0.572716 0.483173 0.007212 0.086538
16 0.580829 0.645433 0.007812 0.093750
16 0.608474 0.562500 0.007812 0.086538
15 0.414363 0.322115 0.006611 0.081731
15 0.462740 0.234375 0.007212 0.069712
15 0.444111 0.521635 0.007212 0.086538
15 0.502404 0.807692 0.013221 0.110577
15 0.503005 0.379808 0.006010 0.076923
15 0.557392 0.256010 0.006611 0.069712
15 0.551983 0.521635 0.006611 0.091346
15 0.623798 0.651442 0.008413 0.096154
15 0.636719 0.811298 0.009014 0.098558
15 0.594050 0.399038 0.006611 0.076923
