16 0.384615 0.301683 0.007212 0.069712
16 0.451022 0.182692 0.006611 0.072115
16 0.447115 0.460337 0.007212 0.079327
16 0.504207 0.318510 0.008413 0.069712
16 0.569712 0.211538 0.006010 0.072115
16 0.590445 0.326923 0.007812 0.086538
16 0.560998 0.449519 0.009014 0.086538
16 0.588341 0.413462 0.006010 0.081731
16 0.554688 0.617788 0.010817 0.096154
16 0.605469 0.564904 0.007812 0.091346
15 0.390925 0.298077 0.007812 0.076923
15 0.452825 0.203125 0.005409 0.069712
15 0.474760 0.343750 0.007212 0.072115
15 0.423377 0.498798 0.009014 0.084135
15 0.467248 0.782452 0.007812 0.108173
15 0.535156 0.506010 0.005409 0.093750
15 0.544171 0.221154 0.006611 0.067308
15 0.576022 0.384615 0.010216 0.081731
15 0.611478 0.643029 0.007812 0.098558
15 0.627103 0.774038 0.007812 0.100962
0 0.157151 0.406250 0.004207 0.019231
